colvarsTrajFrequency 10
colvarsRestartFrequency 2500

colvar {
   name dist
   distanceZ {
      main {
         atomNumbers { 9118 9119 9120 9121 9123 9124 9125 9126 9127 9129 9130 9132 9133 9134 9136 9137 9138 9139 9140 9142 9144 9148 9149 9150 9151 9152 9156 9159 9160 9161 9164 9167 9170 9171 9172 9175 9179 9183 9186 9187 9188 9191 9194 9197 9198 9199 9202 9206 9210 9213 9216 9217 9218 9221 9225 9229 9232 9235 9236 9237 9239 9242 9243 9244 9247 9250 9252 9256 9257 9258 9259 9260 9261 9263 9265 9267 9269 9272 9273 9275 9277 9278 9280 9281 9283 9284 9285 9287 9288 9289 9293 9297 9298 }
      }
      ref {
         dummyAtom (-2.3032262325286865, 32.4769172668457, 11.561129570007324 )
      }
      axis (0.0, 1.0, 0.0)
      forcenoPBC yes
   }
}

harmonic {
   name harmonic
   colvars dist
   forceConstant 50.0
   centers 10.0
}
