1 1.0 0.0383
1 2.0 0.0444
1 3.0 0.0

2 1.0 0.0706
2 2.0 0.0348
2 3.0 0.0

3 1.0 0.0520
3 2.0 0.0171
3 3.0 0.0

4 1.0 0.0432
4 2.0 0.0326
4 3.0 0.0

5 1.0 0.0534
5 2.0 0.0410
5 3.0 0.0

6 1.0 0.0872
6 2.0 0.0435
6 3.0 0.0

7 1.0 0.0934
7 2.0 0.0339
7 3.0 0.0

8 1.0 0.0901
8 2.0 0.0275
8 3.0 0.0

9 1.0 0.0585
9 2.0 0.0289
9 3.0 0.0

10 1.0 0.0978
10 2.0 0.1046
10 3.0 0.0

11 1.0 0.0749
11 2.0 0.0394
11 3.0 0.0

12 1.0 0.0720
12 2.0 0.0460
12 3.0 0.0

13 1.0 0.0462
13 2.0 0.0375
13 3.0 0.0

14 1.0 0.0673
14 2.0 0.0309
14 3.0 0.0

15 1.0 0.1162
15 2.0 0.0281
15 3.0 0.0

16 1.0 0.0622
16 2.0 0.0209
16 3.0 0.0

17 1.0 0.0685
17 2.0 0.0290
17 3.0 0.0

18 1.0 0.1077
18 2.0 0.0375
18 3.0 0.0

19 1.0 0.0957
19 2.0 0.0480
19 3.0 0.0

20 1.0 0.0755
20 2.0 0.0620
20 3.0 0.0

21 1.0 0.1330
21 2.0 0.0548
21 3.0 0.0

22 1.0 0.1840
22 2.0 0.0213
22 3.0 0.0

23 1.0 0.1903
23 2.0 0.0253
23 3.0 0.0

24 1.0 0.2557
24 2.0 0.0277
24 3.0 0.0

25 1.0 0.2751
25 2.0 0.0354
25 3.0 0.0

26 1.0 0.1580
26 2.0 0.0203
26 3.0 0.0

27 1.0 0.1298
27 2.0 0.0169
27 3.0 0.0

28 1.0 0.1422
28 2.0 0.0391
28 3.0 0.0

29 1.0 0.0695
29 2.0 0.0511
29 3.0 0.0

30 1.0 0.1168
30 2.0 0.0451
30 3.0 0.0

31 1.0 0.1280
31 2.0 0.0410
31 3.0 0.0

32 1.0 0.1339
32 2.0 0.0295
32 3.0 0.0

33 1.0 0.1491
33 2.0 0.0187
33 3.0 0.0

34 1.0 0.1137
34 2.0 0.0163
34 3.0 0.0

35 1.0 0.0781
35 2.0 0.0111
35 3.0 0.0

36 1.0 0.0659
36 2.0 0.0457
36 3.0 0.0

37 1.0 0.0430
37 2.0 0.0706
37 3.0 0.0

38 1.0 0.1193
38 2.0 0.1024
38 3.0 0.0

39 1.0 0.1951
39 2.0 0.1751
39 3.0 0.0

40 1.0 0.4258
40 2.0 0.1843
40 3.0 0.0

41 1.0 0.6684
41 2.0 0.2908
41 3.0 0.0

42 1.0 0.9544
42 2.0 0.6011
42 3.0 0.0

43 1.0 1.2519
43 2.0 1.0394
43 3.0 0.0

44 1.0 1.4412
44 2.0 1.5886
44 3.0 0.0

45 1.0 1.8703
45 2.0 2.0684
45 3.0 0.0

46 1.0 2.2042
46 2.0 2.5361
46 3.0 0.0

47 1.0 2.5311
47 2.0 2.9499
47 3.0 0.0

48 1.0 2.7779
48 2.0 3.1517
48 3.0 0.0

49 1.0 2.7949
49 2.0 3.1830
49 3.0 0.0

50 1.0 2.7650
50 2.0 3.0085
50 3.0 0.0

51 1.0 2.5473
51 2.0 2.5906
51 3.0 0.0

52 1.0 2.2529
52 2.0 2.0607
52 3.0 0.0

53 1.0 2.0454
53 2.0 1.6248
53 3.0 0.0

54 1.0 1.5700
54 2.0 1.1768
54 3.0 0.0

55 1.0 1.1742
55 2.0 0.9300
55 3.0 0.0

56 1.0 0.8694
56 2.0 0.6608
56 3.0 0.0

57 1.0 0.7270
57 2.0 0.4162
57 3.0 0.0

58 1.0 0.6953
58 2.0 0.4122
58 3.0 0.0

59 1.0 0.4697
59 2.0 0.2982
59 3.0 0.0

60 1.0 0.1376
60 2.0 0.1710
60 3.0 0.0

61 1.0 0.0558
61 2.0 0.0942
61 3.0 0.0

62 1.0 0.0745
62 2.0 0.0450
62 3.0 0.0

63 1.0 0.1150
63 2.0 0.0169
63 3.0 0.0

64 1.0 0.1032
64 2.0 0.0290
64 3.0 0.0

65 1.0 0.0879
65 2.0 0.0189
65 3.0 0.0

66 1.0 0.0944
66 2.0 0.0125
66 3.0 0.0

67 1.0 0.1164
67 2.0 0.0208
67 3.0 0.0

68 1.0 0.1149
68 2.0 0.0220
68 3.0 0.0

69 1.0 0.0827
69 2.0 0.0357
69 3.0 0.0

70 1.0 0.0807
70 2.0 0.0460
70 3.0 0.0

71 1.0 0.0759
71 2.0 0.0248
71 3.0 0.0

72 1.0 0.0779
72 2.0 0.0192
72 3.0 0.0

73 1.0 0.0581
73 2.0 0.0230
73 3.0 0.0

74 1.0 0.0695
74 2.0 0.0284
74 3.0 0.0

75 1.0 0.0680
75 2.0 0.0347
75 3.0 0.0

76 1.0 0.1186
76 2.0 0.0174
76 3.0 0.0

77 1.0 0.0786
77 2.0 0.0116
77 3.0 0.0

78 1.0 0.0771
78 2.0 0.0333
78 3.0 0.0

79 1.0 0.0758
79 2.0 0.0306
79 3.0 0.0

80 1.0 0.0916
80 2.0 0.0292
80 3.0 0.0

81 1.0 0.1032
81 2.0 0.0199
81 3.0 0.0

82 1.0 0.1058
82 2.0 0.0254
82 3.0 0.0

83 1.0 0.1471
83 2.0 0.0383
83 3.0 0.0

84 1.0 0.0936
84 2.0 0.0253
84 3.0 0.0

85 1.0 0.0174
85 2.0 0.0223
85 3.0 0.0

86 1.0 0.1138
86 2.0 0.0451
86 3.0 0.0

87 1.0 0.0586
87 2.0 0.0494
87 3.0 0.0

88 1.0 0.0580
88 2.0 0.0413
88 3.0 0.0

89 1.0 0.0698
89 2.0 0.0899
89 3.0 0.0

90 1.0 0.1245
90 2.0 0.1761
90 3.0 0.0

91 1.0 0.5251
91 2.0 0.2800
91 3.0 0.0

92 1.0 0.9508
92 2.0 0.4101
92 3.0 0.0

93 1.0 1.8095
93 2.0 0.7080
93 3.0 0.0

94 1.0 2.1197
94 2.0 0.9607
94 3.0 0.0

95 1.0 2.6414
95 2.0 1.3046
95 3.0 0.0

96 1.0 2.7803
96 2.0 1.6242
96 3.0 0.0

97 1.0 2.8666
97 2.0 1.6796
97 3.0 0.0

98 1.0 2.9743
98 2.0 1.7634
98 3.0 0.0

99 1.0 2.4419
99 2.0 1.5266
99 3.0 0.0

100 1.0 1.5088
100 2.0 1.2601
100 3.0 0.0

101 1.0 0.8275
101 2.0 1.1702
101 3.0 0.0

102 1.0 0.4133
102 2.0 0.7558
102 3.0 0.0

103 1.0 0.1671
103 2.0 0.5137
103 3.0 0.0

104 1.0 0.3705
104 2.0 0.4699
104 3.0 0.0

105 1.0 0.2076
105 2.0 0.2829
105 3.0 0.0

106 1.0 0.1053
106 2.0 0.1363
106 3.0 0.0

107 1.0 0.0608
107 2.0 0.0667
107 3.0 0.0

108 1.0 0.0586
108 2.0 0.0120
108 3.0 0.0

109 1.0 0.0541
109 2.0 0.0271
109 3.0 0.0

110 1.0 0.0601
110 2.0 0.0336
110 3.0 0.0

111 1.0 0.0596
111 2.0 0.0315
111 3.0 0.0

112 1.0 0.0549
112 2.0 0.0205
112 3.0 0.0

113 1.0 0.0459
113 2.0 0.0117
113 3.0 0.0

114 1.0 0.0548
114 2.0 0.0180
114 3.0 0.0

115 1.0 0.0563
115 2.0 0.0171
115 3.0 0.0

116 1.0 0.0706
116 2.0 0.0207
116 3.0 0.0

117 1.0 0.0507
117 2.0 0.0190
117 3.0 0.0

118 1.0 0.1510
118 2.0 0.0201
118 3.0 0.0

119 1.0 0.1726
119 2.0 0.0070
119 3.0 0.0

120 1.0 0.2791
120 2.0 0.0155
120 3.0 0.0

121 1.0 0.2699
121 2.0 0.0360
121 3.0 0.0

122 1.0 0.3182
122 2.0 0.1043
122 3.0 0.0

123 1.0 0.2745
123 2.0 0.0523
123 3.0 0.0

124 1.0 0.2761
124 2.0 0.0389
124 3.0 0.0

125 1.0 0.2816
125 2.0 0.0090
125 3.0 0.0

126 1.0 0.2812
126 2.0 0.0094
126 3.0 0.0

127 1.0 0.1781
127 2.0 0.0173
127 3.0 0.0

128 1.0 0.0806
128 2.0 0.0168
128 3.0 0.0

129 1.0 0.0593
129 2.0 0.0198
129 3.0 0.0

130 1.0 0.0364
130 2.0 0.0161
130 3.0 0.0

131 1.0 0.0362
131 2.0 0.0148
131 3.0 0.0

132 1.0 0.0256
132 2.0 0.0154
132 3.0 0.0

133 1.0 0.0352
133 2.0 0.0267
133 3.0 0.0

134 1.0 0.0483
134 2.0 0.0279
134 3.0 0.0

135 1.0 0.0526
135 2.0 0.0248
135 3.0 0.0

136 1.0 0.0568
136 2.0 0.0284
136 3.0 0.0

137 1.0 0.0611
137 2.0 0.0112
137 3.0 0.0

138 1.0 0.0782
138 2.0 0.0409
138 3.0 0.0

139 1.0 0.0655
139 2.0 0.0968
139 3.0 0.0

140 1.0 0.2389
140 2.0 0.2030
140 3.0 0.0

141 1.0 0.5321
141 2.0 0.2971
141 3.0 0.0

142 1.0 0.6608
142 2.0 0.3555
142 3.0 0.0

143 1.0 0.6629
143 2.0 0.4356
143 3.0 0.0

144 1.0 0.4824
144 2.0 0.4471
144 3.0 0.0

145 1.0 0.2555
145 2.0 0.4404
145 3.0 0.0

146 1.0 0.4835
146 2.0 0.4302
146 3.0 0.0

147 1.0 0.5485
147 2.0 0.3715
147 3.0 0.0

148 1.0 0.5727
148 2.0 0.3972
148 3.0 0.0

149 1.0 0.7477
149 2.0 0.3108
149 3.0 0.0

150 1.0 0.6161
150 2.0 0.2470
150 3.0 0.0

151 1.0 0.5349
151 2.0 0.0529
151 3.0 0.0

152 1.0 0.3528
152 2.0 0.0813
152 3.0 0.0

153 1.0 0.2669
153 2.0 0.0552
153 3.0 0.0

154 1.0 0.1417
154 2.0 0.0777
154 3.0 0.0

155 1.0 0.0921
155 2.0 0.0358
155 3.0 0.0

156 1.0 0.0971
156 2.0 0.0144
156 3.0 0.0

157 1.0 0.0879
157 2.0 0.0118
157 3.0 0.0

158 1.0 0.0800
158 2.0 0.0075
158 3.0 0.0

159 1.0 0.0619
159 2.0 0.0131
159 3.0 0.0

160 1.0 0.0667
160 2.0 0.0145
160 3.0 0.0

161 1.0 0.0648
161 2.0 0.0132
161 3.0 0.0

162 1.0 0.0732
162 2.0 0.0144
162 3.0 0.0

163 1.0 0.1173
163 2.0 0.0166
163 3.0 0.0

164 1.0 0.1385
164 2.0 0.0190
164 3.0 0.0

165 1.0 0.2193
165 2.0 0.0180
165 3.0 0.0

166 1.0 0.2443
166 2.0 0.0149
166 3.0 0.0

167 1.0 0.2164
167 2.0 0.0124
167 3.0 0.0

168 1.0 0.1762
168 2.0 0.0140
168 3.0 0.0

169 1.0 0.1459
169 2.0 0.0188
169 3.0 0.0

170 1.0 0.1309
170 2.0 0.0154
170 3.0 0.0

171 1.0 0.1647
171 2.0 0.0257
171 3.0 0.0

172 1.0 0.1813
172 2.0 0.0264
172 3.0 0.0

173 1.0 0.1441
173 2.0 0.0117
173 3.0 0.0

174 1.0 0.1233
174 2.0 0.0112
174 3.0 0.0

175 1.0 0.1520
175 2.0 0.0115
175 3.0 0.0

176 1.0 0.1780
176 2.0 0.0118
176 3.0 0.0

177 1.0 0.1725
177 2.0 0.0141
177 3.0 0.0

178 1.0 0.0854
178 2.0 0.0117
178 3.0 0.0

179 1.0 0.0463
179 2.0 0.0183
179 3.0 0.0

180 1.0 0.0429
180 2.0 0.0129
180 3.0 0.0

181 1.0 0.0865
181 2.0 0.0146
181 3.0 0.0

182 1.0 0.1369
182 2.0 0.0227
182 3.0 0.0

183 1.0 0.1574
183 2.0 0.0191
183 3.0 0.0

184 1.0 0.1366
184 2.0 0.0102
184 3.0 0.0

185 1.0 0.0833
185 2.0 0.0301
185 3.0 0.0

186 1.0 0.0285
186 2.0 0.0560
186 3.0 0.0

187 1.0 0.1996
187 2.0 0.0959
187 3.0 0.0

188 1.0 0.1964
188 2.0 0.0948
188 3.0 0.0

189 1.0 0.2263
189 2.0 0.0202
189 3.0 0.0

190 1.0 0.2099
190 2.0 0.0797
190 3.0 0.0

191 1.0 0.1687
191 2.0 0.0948
191 3.0 0.0

192 1.0 0.1477
192 2.0 0.0929
192 3.0 0.0

193 1.0 0.1369
193 2.0 0.0739
193 3.0 0.0

194 1.0 0.1594
194 2.0 0.0675
194 3.0 0.0

195 1.0 0.1611
195 2.0 0.0398
195 3.0 0.0

196 1.0 0.1719
196 2.0 0.0522
196 3.0 0.0

197 1.0 0.1976
197 2.0 0.0262
197 3.0 0.0

198 1.0 0.2120
198 2.0 0.0521
198 3.0 0.0

199 1.0 0.0944
199 2.0 0.0267
199 3.0 0.0

200 1.0 0.0692
200 2.0 0.0248
200 3.0 0.0

201 1.0 0.0858
201 2.0 0.0085
201 3.0 0.0

202 1.0 0.0300
202 2.0 0.0091
202 3.0 0.0

203 1.0 0.1037
203 2.0 0.0119
203 3.0 0.0

204 1.0 0.1319
204 2.0 0.0125
204 3.0 0.0

205 1.0 0.1286
205 2.0 0.0114
205 3.0 0.0

206 1.0 0.1083
206 2.0 0.0083
206 3.0 0.0

207 1.0 0.1156
207 2.0 0.0305
207 3.0 0.0

208 1.0 0.0935
208 2.0 0.0281
208 3.0 0.0

209 1.0 0.1190
209 2.0 0.0189
209 3.0 0.0

210 1.0 0.1289
210 2.0 0.0490
210 3.0 0.0

211 1.0 0.0948
211 2.0 0.1102
211 3.0 0.0

212 1.0 0.1345
212 2.0 0.1319
212 3.0 0.0

213 1.0 0.1699
213 2.0 0.0803
213 3.0 0.0

214 1.0 0.1052
214 2.0 0.0597
214 3.0 0.0

215 1.0 0.0905
215 2.0 0.0213
215 3.0 0.0

216 1.0 0.1015
216 2.0 0.0133
216 3.0 0.0

217 1.0 0.1393
217 2.0 0.0141
217 3.0 0.0

218 1.0 0.0693
218 2.0 0.0346
218 3.0 0.0

219 1.0 0.0977
219 2.0 0.0184
219 3.0 0.0

220 1.0 0.1018
220 2.0 0.0110
220 3.0 0.0

221 1.0 0.1259
221 2.0 0.0121
221 3.0 0.0

222 1.0 0.1997
222 2.0 0.0121
222 3.0 0.0

223 1.0 0.1188
223 2.0 0.0083
223 3.0 0.0

224 1.0 0.1409
224 2.0 0.0042
224 3.0 0.0

225 1.0 0.0517
225 2.0 0.0689
225 3.0 0.0

226 1.0 0.2089
226 2.0 0.1391
226 3.0 0.0

227 1.0 0.2827
227 2.0 0.2262
227 3.0 0.0

228 1.0 0.2254
228 2.0 0.0813
228 3.0 0.0

229 1.0 0.1880
229 2.0 0.0723
229 3.0 0.0

230 1.0 0.0983
230 2.0 0.0499
230 3.0 0.0

231 1.0 0.1506
231 2.0 0.0441
231 3.0 0.0

232 1.0 0.2288
232 2.0 0.0104
232 3.0 0.0

233 1.0 0.1601
233 2.0 0.0034
233 3.0 0.0

234 1.0 0.0928
234 2.0 0.0134
234 3.0 0.0

235 1.0 0.1012
235 2.0 0.0169
235 3.0 0.0

236 1.0 0.1398
236 2.0 0.0170
236 3.0 0.0

237 1.0 0.1104
237 2.0 0.0127
237 3.0 0.0

238 1.0 0.0736
238 2.0 0.0148
238 3.0 0.0

239 1.0 0.0727
239 2.0 0.0149
239 3.0 0.0

240 1.0 0.0576
240 2.0 0.0217
240 3.0 0.0

241 1.0 0.1917
241 2.0 0.0574
241 3.0 0.0

242 1.0 0.3161
242 2.0 0.1094
242 3.0 0.0

243 1.0 0.1719
243 2.0 0.0895
243 3.0 0.0

244 1.0 0.1693
244 2.0 0.0902
244 3.0 0.0

245 1.0 0.1465
245 2.0 0.0701
245 3.0 0.0

246 1.0 0.1274
246 2.0 0.0769
246 3.0 0.0

247 1.0 0.1069
247 2.0 0.0145
247 3.0 0.0

248 1.0 0.1758
248 2.0 0.0187
248 3.0 0.0

249 1.0 0.1182
249 2.0 0.0084
249 3.0 0.0

250 1.0 0.0950
250 2.0 0.0088
250 3.0 0.0

251 1.0 0.1016
251 2.0 0.0173
251 3.0 0.0

252 1.0 0.0633
252 2.0 0.0198
252 3.0 0.0

253 1.0 0.0985
253 2.0 0.0258
253 3.0 0.0

254 1.0 0.1184
254 2.0 0.0314
254 3.0 0.0

255 1.0 0.1378
255 2.0 0.0358
255 3.0 0.0

256 1.0 0.2824
256 2.0 0.1308
256 3.0 0.0

257 1.0 0.4000
257 2.0 0.2097
257 3.0 0.0

258 1.0 0.3788
258 2.0 0.2434
258 3.0 0.0

259 1.0 0.1603
259 2.0 0.1017
259 3.0 0.0

260 1.0 0.2792
260 2.0 0.2894
260 3.0 0.0

261 1.0 0.3702
261 2.0 0.4439
261 3.0 0.0

262 1.0 0.6931
262 2.0 0.7506
262 3.0 0.0

263 1.0 0.6932
263 2.0 0.8661
263 3.0 0.0

264 1.0 0.5252
264 2.0 0.8762
264 3.0 0.0

265 1.0 0.8337
265 2.0 1.0002
265 3.0 0.0

266 1.0 1.1410
266 2.0 1.1567
266 3.0 0.0

267 1.0 1.4189
267 2.0 1.2396
267 3.0 0.0

268 1.0 1.5987
268 2.0 1.3631
268 3.0 0.0

269 1.0 1.6303
269 2.0 1.2124
269 3.0 0.0

270 1.0 1.3828
270 2.0 0.9522
270 3.0 0.0

271 1.0 1.2641
271 2.0 0.6084
271 3.0 0.0

272 1.0 1.2492
272 2.0 0.4026
272 3.0 0.0

273 1.0 0.8785
273 2.0 0.2899
273 3.0 0.0

274 1.0 0.7314
274 2.0 0.1873
274 3.0 0.0

275 1.0 0.4156
275 2.0 0.0537
275 3.0 0.0

276 1.0 0.3286
276 2.0 0.0828
276 3.0 0.0

277 1.0 0.2036
277 2.0 0.0898
277 3.0 0.0

278 1.0 0.2487
278 2.0 0.0582
278 3.0 0.0

279 1.0 0.2183
279 2.0 0.0579
279 3.0 0.0

280 1.0 0.2144
280 2.0 0.0726
280 3.0 0.0

281 1.0 0.1761
281 2.0 0.0503
281 3.0 0.0

282 1.0 0.2065
282 2.0 0.0431
282 3.0 0.0

283 1.0 0.2290
283 2.0 0.0287
283 3.0 0.0

284 1.0 0.2434
284 2.0 0.0233
284 3.0 0.0

285 1.0 0.1896
285 2.0 0.0106
285 3.0 0.0

286 1.0 0.1616
286 2.0 0.0282
286 3.0 0.0

287 1.0 0.1649
287 2.0 0.0308
287 3.0 0.0

288 1.0 0.1697
288 2.0 0.0566
288 3.0 0.0

289 1.0 0.1276
289 2.0 0.0604
289 3.0 0.0

290 1.0 0.1228
290 2.0 0.0909
290 3.0 0.0

291 1.0 0.1158
291 2.0 0.0887
291 3.0 0.0

292 1.0 0.1307
292 2.0 0.0786
292 3.0 0.0

293 1.0 0.1590
293 2.0 0.0566
293 3.0 0.0

294 1.0 0.1604
294 2.0 0.0505
294 3.0 0.0

295 1.0 0.1749
295 2.0 0.0401
295 3.0 0.0

296 1.0 0.1864
296 2.0 0.0421
296 3.0 0.0

297 1.0 0.2190
297 2.0 0.0325
297 3.0 0.0

298 1.0 0.2340
298 2.0 0.0133
298 3.0 0.0

299 1.0 0.1882
299 2.0 0.0211
299 3.0 0.0

300 1.0 0.1744
300 2.0 0.0397
300 3.0 0.0

301 1.0 0.1642
301 2.0 0.0729
301 3.0 0.0

302 1.0 0.2418
302 2.0 0.1034
302 3.0 0.0

303 1.0 0.2345
303 2.0 0.1047
303 3.0 0.0

304 1.0 0.3207
304 2.0 0.1613
304 3.0 0.0

305 1.0 0.4273
305 2.0 0.2963
305 3.0 0.0

306 1.0 0.6357
306 2.0 0.3603
306 3.0 0.0

307 1.0 1.1397
307 2.0 0.7562
307 3.0 0.0

308 1.0 1.5987
308 2.0 1.3349
308 3.0 0.0

309 1.0 2.3006
309 2.0 1.8498
309 3.0 0.0

310 1.0 3.0033
310 2.0 2.0576
310 3.0 0.0

311 1.0 3.1986
311 2.0 2.0289
311 3.0 0.0

312 1.0 3.2167
312 2.0 2.1409
312 3.0 0.0

313 1.0 3.5045
313 2.0 2.0925
313 3.0 0.0

314 1.0 3.4275
314 2.0 1.8957
314 3.0 0.0

315 1.0 3.1685
315 2.0 1.6975
315 3.0 0.0

316 1.0 2.7291
316 2.0 1.4313
316 3.0 0.0

317 1.0 2.2609
317 2.0 1.1411
317 3.0 0.0

318 1.0 1.5880
318 2.0 0.7425
318 3.0 0.0

319 1.0 1.0940
319 2.0 0.4232
319 3.0 0.0

320 1.0 0.6427
320 2.0 0.1519
320 3.0 0.0

321 1.0 0.4279
321 2.0 0.1422
321 3.0 0.0

322 1.0 0.2958
322 2.0 0.0903
322 3.0 0.0

323 1.0 0.4041
323 2.0 0.1010
323 3.0 0.0

324 1.0 0.3336
324 2.0 0.0553
324 3.0 0.0

325 1.0 0.2451
325 2.0 0.0119
325 3.0 0.0

326 1.0 0.2006
326 2.0 0.0374
326 3.0 0.0

327 1.0 0.1734
327 2.0 0.0459
327 3.0 0.0

328 1.0 0.1648
328 2.0 0.0559
328 3.0 0.0

329 1.0 0.1658
329 2.0 0.0535
329 3.0 0.0

330 1.0 0.1750
330 2.0 0.0353
330 3.0 0.0

331 1.0 0.1564
331 2.0 0.0234
331 3.0 0.0

332 1.0 0.1518
332 2.0 0.0554
332 3.0 0.0

333 1.0 0.1322
333 2.0 0.0856
333 3.0 0.0

334 1.0 0.1455
334 2.0 0.1109
334 3.0 0.0

335 1.0 0.0706
335 2.0 0.1302
335 3.0 0.0

336 1.0 0.2344
336 2.0 0.0684
336 3.0 0.0

337 1.0 0.3646
337 2.0 0.0384
337 3.0 0.0

338 1.0 0.1761
338 2.0 0.0398
338 3.0 0.0

339 1.0 0.1791
339 2.0 0.0583
339 3.0 0.0

340 1.0 0.1570
340 2.0 0.0564
340 3.0 0.0

341 1.0 0.1538
341 2.0 0.0266
341 3.0 0.0

342 1.0 0.1197
342 2.0 0.0409
342 3.0 0.0

343 1.0 0.2043
343 2.0 0.0339
343 3.0 0.0

344 1.0 0.2328
344 2.0 0.0449
344 3.0 0.0

345 1.0 0.3012
345 2.0 0.0241
345 3.0 0.0

346 1.0 0.2643
346 2.0 0.0219
346 3.0 0.0

347 1.0 0.2857
347 2.0 0.0452
347 3.0 0.0

348 1.0 0.2405
348 2.0 0.0211
348 3.0 0.0

349 1.0 0.3105
349 2.0 0.0755
349 3.0 0.0

350 1.0 0.3687
350 2.0 0.0955
350 3.0 0.0

351 1.0 0.4418
351 2.0 0.1323
351 3.0 0.0

352 1.0 0.4592
352 2.0 0.3419
352 3.0 0.0

353 1.0 0.6199
353 2.0 0.4348
353 3.0 0.0

354 1.0 0.3783
354 2.0 0.6399
354 3.0 0.0

355 1.0 0.2617
355 2.0 0.7575
355 3.0 0.0

356 1.0 0.1279
356 2.0 0.5807
356 3.0 0.0

357 1.0 0.1445
357 2.0 0.4617
357 3.0 0.0

358 1.0 0.1238
358 2.0 0.3324
358 3.0 0.0

359 1.0 0.3078
359 2.0 0.3364
359 3.0 0.0

360 1.0 0.5493
360 2.0 0.2909
360 3.0 0.0

361 1.0 0.4343
361 2.0 0.1959
361 3.0 0.0

362 1.0 0.3811
362 2.0 0.1292
362 3.0 0.0

363 1.0 0.3899
363 2.0 0.0993
363 3.0 0.0

364 1.0 0.3663
364 2.0 0.0312
364 3.0 0.0

365 1.0 0.4022
365 2.0 0.0405
365 3.0 0.0

366 1.0 0.2893
366 2.0 0.0581
366 3.0 0.0

367 1.0 0.2080
367 2.0 0.0534
367 3.0 0.0

368 1.0 0.1937
368 2.0 0.0288
368 3.0 0.0

369 1.0 0.2381
369 2.0 0.0201
369 3.0 0.0

370 1.0 0.2227
370 2.0 0.0454
370 3.0 0.0

371 1.0 0.1797
371 2.0 0.0450
371 3.0 0.0

372 1.0 0.1417
372 2.0 0.0295
372 3.0 0.0

373 1.0 0.0960
373 2.0 0.0404
373 3.0 0.0

374 1.0 0.1260
374 2.0 0.0576
374 3.0 0.0

375 1.0 0.2694
375 2.0 0.0583
375 3.0 0.0

376 1.0 0.2007
376 2.0 0.0413
376 3.0 0.0

377 1.0 0.1138
377 2.0 0.0489
377 3.0 0.0

378 1.0 0.1398
378 2.0 0.0393
378 3.0 0.0

379 1.0 0.2220
379 2.0 0.0217
379 3.0 0.0

380 1.0 0.2048
380 2.0 0.0693
380 3.0 0.0

381 1.0 0.2393
381 2.0 0.0576
381 3.0 0.0

382 1.0 0.2149
382 2.0 0.0413
382 3.0 0.0

383 1.0 0.1705
383 2.0 0.0209
383 3.0 0.0

384 1.0 0.1691
384 2.0 0.0391
384 3.0 0.0

385 1.0 0.2607
385 2.0 0.0664
385 3.0 0.0

386 1.0 0.4182
386 2.0 0.0822
386 3.0 0.0

387 1.0 0.5410
387 2.0 0.1038
387 3.0 0.0

388 1.0 0.7189
388 2.0 0.0369
388 3.0 0.0

389 1.0 0.6819
389 2.0 0.1772
389 3.0 0.0

390 1.0 0.9311
390 2.0 0.2999
390 3.0 0.0

391 1.0 1.0729
391 2.0 0.5272
391 3.0 0.0

392 1.0 1.1912
392 2.0 0.9966
392 3.0 0.0

393 1.0 1.4580
393 2.0 1.7728
393 3.0 0.0

394 1.0 1.3924
394 2.0 2.4541
394 3.0 0.0

395 1.0 1.7066
395 2.0 3.1591
395 3.0 0.0

396 1.0 1.6791
396 2.0 3.5492
396 3.0 0.0

397 1.0 1.4725
397 2.0 3.7145
397 3.0 0.0

398 1.0 1.2962
398 2.0 3.5363
398 3.0 0.0

399 1.0 0.9654
399 2.0 3.2795
399 3.0 0.0

400 1.0 0.6110
400 2.0 2.4143
400 3.0 0.0

401 1.0 0.3826
401 2.0 1.5753
401 3.0 0.0

402 1.0 0.3709
402 2.0 0.8363
402 3.0 0.0

403 1.0 0.2694
403 2.0 0.5442
403 3.0 0.0

404 1.0 0.2208
404 2.0 0.3261
404 3.0 0.0

405 1.0 0.2162
405 2.0 0.1482
405 3.0 0.0

406 1.0 0.2578
406 2.0 0.1750
406 3.0 0.0

407 1.0 0.2776
407 2.0 0.0733
407 3.0 0.0

408 1.0 0.1375
408 2.0 0.0641
408 3.0 0.0

409 1.0 0.1370
409 2.0 0.1389
409 3.0 0.0

410 1.0 0.2772
410 2.0 0.1193
410 3.0 0.0

411 1.0 0.2320
411 2.0 0.0791
411 3.0 0.0

412 1.0 0.1976
412 2.0 0.0416
412 3.0 0.0

413 1.0 0.2018
413 2.0 0.0362
413 3.0 0.0

414 1.0 0.1633
414 2.0 0.0206
414 3.0 0.0

415 1.0 0.1167
415 2.0 0.0441
415 3.0 0.0

416 1.0 0.0623
416 2.0 0.0497
416 3.0 0.0

417 1.0 0.0854
417 2.0 0.0151
417 3.0 0.0

418 1.0 0.1134
418 2.0 0.0236
418 3.0 0.0

419 1.0 0.1551
419 2.0 0.0626
419 3.0 0.0

420 1.0 0.1710
420 2.0 0.0993
420 3.0 0.0

421 1.0 0.1232
421 2.0 0.0463
421 3.0 0.0

422 1.0 0.1067
422 2.0 0.0311
422 3.0 0.0

423 1.0 0.0253
423 2.0 0.0268
423 3.0 0.0

424 1.0 0.0876
424 2.0 0.0587
424 3.0 0.0

425 1.0 0.0962
425 2.0 0.0565
425 3.0 0.0

426 1.0 0.0749
426 2.0 0.0507
426 3.0 0.0

427 1.0 0.0639
427 2.0 0.0307
427 3.0 0.0

428 1.0 0.0666
428 2.0 0.0505
428 3.0 0.0

429 1.0 0.1038
429 2.0 0.0519
429 3.0 0.0

430 1.0 0.1508
430 2.0 0.1309
430 3.0 0.0

431 1.0 0.0992
431 2.0 0.1330
431 3.0 0.0

432 1.0 0.1681
432 2.0 0.1926
432 3.0 0.0

433 1.0 0.3852
433 2.0 0.4157
433 3.0 0.0

434 1.0 0.5571
434 2.0 0.4399
434 3.0 0.0

435 1.0 0.7281
435 2.0 0.5342
435 3.0 0.0

436 1.0 1.0073
436 2.0 0.7046
436 3.0 0.0

437 1.0 1.6842
437 2.0 1.0133
437 3.0 0.0

438 1.0 1.9648
438 2.0 1.0183
438 3.0 0.0

439 1.0 2.3127
439 2.0 1.0374
439 3.0 0.0

440 1.0 2.1370
440 2.0 1.0756
440 3.0 0.0

441 1.0 2.0869
441 2.0 0.9606
441 3.0 0.0

442 1.0 1.9623
442 2.0 0.8181
442 3.0 0.0

443 1.0 1.5291
443 2.0 0.5949
443 3.0 0.0

444 1.0 0.9172
444 2.0 0.4725
444 3.0 0.0

445 1.0 0.5967
445 2.0 0.3399
445 3.0 0.0

446 1.0 0.2949
446 2.0 0.1484
446 3.0 0.0

447 1.0 0.0738
447 2.0 0.1342
447 3.0 0.0

448 1.0 0.0408
448 2.0 0.0668
448 3.0 0.0

449 1.0 0.0318
449 2.0 0.0323
449 3.0 0.0

450 1.0 0.0423
450 2.0 0.0323
450 3.0 0.0

451 1.0 0.0435
451 2.0 0.0483
451 3.0 0.0

452 1.0 0.0779
452 2.0 0.0523
452 3.0 0.0

453 1.0 0.0877
453 2.0 0.0538
453 3.0 0.0

454 1.0 0.0145
454 2.0 0.0309
454 3.0 0.0

455 1.0 0.0231
455 2.0 0.0205
455 3.0 0.0

456 1.0 0.0768
456 2.0 0.0301
456 3.0 0.0

457 1.0 0.1343
457 2.0 0.0318
457 3.0 0.0

