1 0.0 0.00
1 0.5 0.00
1 1.0 0.00
1 1.5 0.00
1 2.0 0.00
1 2.5 0.00
1 3.0 0.00
1 3.5 0.00
1 4.0 0.00
1 4.5 0.00
1 5.0 0.00
1 5.5 0.00
1 6.0 0.00
1 6.5 0.00
1 7.0 0.00
1 7.5 0.00
1 8.0 0.00
1 8.5 0.00
1 9.0 0.00
1 9.5 0.00
1 10.0 0.00
1 10.5 0.00
1 11.0 0.00
1 11.5 0.00
1 12.0 0.00
1 12.5 0.00
1 13.0 0.00
1 13.5 0.00
1 14.0 0.00
1 14.5 0.00
1 15.0 0.00
1 15.5 0.00
1 16.0 0.00
1 16.5 0.00
1 17.0 0.00
1 17.5 0.00
1 18.0 0.00
1 18.5 0.00
1 19.0 0.00
1 19.5 0.00
1 20.0 0.00
1 20.5 0.00
1 21.0 0.00
1 21.5 0.00
1 22.0 0.00
1 22.5 0.00
1 23.0 0.00
1 23.5 0.00
1 24.0 0.00
1 24.5 0.00
1 25.0 0.00
1 25.5 0.00
1 26.0 0.00
1 26.5 0.00
1 27.0 0.00
1 27.5 0.00
1 28.0 0.00
1 28.5 0.00
1 29.0 0.00
1 29.5 0.00
1 30.0 0.00
1 30.5 0.00
1 31.0 0.00
1 31.5 0.00
1 32.0 0.00
1 32.5 0.00
1 33.0 0.00
1 33.5 0.00
1 34.0 0.00
1 34.5 0.00
1 35.0 0.00
1 35.5 0.00
1 36.0 0.00
1 36.5 0.00
1 37.0 0.00
1 37.5 0.00
1 38.0 0.00
1 38.5 0.00
1 39.0 0.00
1 39.5 0.00
1 40.0 0.00
1 40.5 0.00
1 41.0 0.00
1 41.5 0.00
1 42.0 0.00
1 42.5 0.00
1 43.0 0.00
1 43.5 0.00
1 44.0 0.00
1 44.5 0.00
1 45.0 0.00
1 45.5 0.00
1 46.0 0.00
1 46.5 0.00
1 47.0 0.00
1 47.5 0.00
1 48.0 0.00
1 48.5 0.00
1 49.0 0.00
1 49.5 0.00
1 50.0 0.00
1 50.5 0.00
1 51.0 0.00
1 51.5 0.00
1 52.0 0.00

2 0.0 0.00
2 0.5 0.00
2 1.0 0.00
2 1.5 0.00
2 2.0 0.00
2 2.5 0.00
2 3.0 0.00
2 3.5 0.00
2 4.0 0.00
2 4.5 0.00
2 5.0 0.00
2 5.5 0.00
2 6.0 0.00
2 6.5 7.00
2 7.0 0.00
2 7.5 1.00
2 8.0 0.00
2 8.5 0.00
2 9.0 1.00
2 9.5 0.00
2 10.0 9.00
2 10.5 10.00
2 11.0 9.00
2 11.5 20.00
2 12.0 15.00
2 12.5 20.00
2 13.0 18.00
2 13.5 1.00
2 14.0 0.00
2 14.5 4.00
2 15.0 1.00
2 15.5 16.00
2 16.0 14.00
2 16.5 24.00
2 17.0 19.00
2 17.5 11.00
2 18.0 18.00
2 18.5 14.00
2 19.0 12.00
2 19.5 2.00
2 20.0 18.00
2 20.5 3.00
2 21.0 0.00
2 21.5 0.00
2 22.0 0.00
2 22.5 0.00
2 23.0 0.00
2 23.5 0.00
2 24.0 0.00
2 24.5 0.00
2 25.0 0.00
2 25.5 0.00
2 26.0 0.00
2 26.5 0.00
2 27.0 0.00
2 27.5 0.00
2 28.0 0.00
2 28.5 0.00
2 29.0 0.00
2 29.5 0.00
2 30.0 0.00
2 30.5 0.00
2 31.0 0.00
2 31.5 0.00
2 32.0 0.00
2 32.5 0.00
2 33.0 0.00
2 33.5 0.00
2 34.0 0.00
2 34.5 0.00
2 35.0 0.00
2 35.5 0.00
2 36.0 0.00
2 36.5 0.00
2 37.0 0.00
2 37.5 0.00
2 38.0 0.00
2 38.5 0.00
2 39.0 0.00
2 39.5 0.00
2 40.0 0.00
2 40.5 0.00
2 41.0 0.00
2 41.5 0.00
2 42.0 0.00
2 42.5 0.00
2 43.0 0.00
2 43.5 0.00
2 44.0 0.00
2 44.5 0.00
2 45.0 0.00
2 45.5 0.00
2 46.0 0.00
2 46.5 0.00
2 47.0 0.00
2 47.5 0.00
2 48.0 0.00
2 48.5 0.00
2 49.0 0.00
2 49.5 0.00
2 50.0 0.00
2 50.5 0.00
2 51.0 0.00
2 51.5 0.00
2 52.0 0.00

3 0.0 71.00
3 0.5 74.00
3 1.0 74.00
3 1.5 77.00
3 2.0 75.00
3 2.5 78.00
3 3.0 78.00
3 3.5 76.00
3 4.0 72.00
3 4.5 71.00
3 5.0 71.00
3 5.5 65.00
3 6.0 59.00
3 6.5 55.00
3 7.0 42.00
3 7.5 32.00
3 8.0 38.00
3 8.5 58.00
3 9.0 69.00
3 9.5 45.00
3 10.0 43.00
3 10.5 40.00
3 11.0 31.00
3 11.5 27.00
3 12.0 29.00
3 12.5 21.00
3 13.0 22.00
3 13.5 11.00
3 14.0 1.00
3 14.5 5.00
3 15.0 6.00
3 15.5 6.00
3 16.0 2.00
3 16.5 8.00
3 17.0 4.00
3 17.5 1.00
3 18.0 1.00
3 18.5 0.00
3 19.0 0.00
3 19.5 0.00
3 20.0 0.00
3 20.5 0.00
3 21.0 0.00
3 21.5 0.00
3 22.0 0.00
3 22.5 0.00
3 23.0 0.00
3 23.5 0.00
3 24.0 0.00
3 24.5 0.00
3 25.0 0.00
3 25.5 0.00
3 26.0 0.00
3 26.5 0.00
3 27.0 0.00
3 27.5 0.00
3 28.0 0.00
3 28.5 0.00
3 29.0 0.00
3 29.5 0.00
3 30.0 0.00
3 30.5 0.00
3 31.0 0.00
3 31.5 0.00
3 32.0 0.00
3 32.5 0.00
3 33.0 0.00
3 33.5 0.00
3 34.0 0.00
3 34.5 0.00
3 35.0 0.00
3 35.5 0.00
3 36.0 0.00
3 36.5 0.00
3 37.0 0.00
3 37.5 0.00
3 38.0 0.00
3 38.5 0.00
3 39.0 0.00
3 39.5 0.00
3 40.0 0.00
3 40.5 0.00
3 41.0 0.00
3 41.5 0.00
3 42.0 0.00
3 42.5 0.00
3 43.0 0.00
3 43.5 0.00
3 44.0 0.00
3 44.5 0.00
3 45.0 0.00
3 45.5 0.00
3 46.0 0.00
3 46.5 0.00
3 47.0 0.00
3 47.5 0.00
3 48.0 0.00
3 48.5 0.00
3 49.0 0.00
3 49.5 0.00
3 50.0 0.00
3 50.5 0.00
3 51.0 0.00
3 51.5 0.00
3 52.0 0.00

4 0.0 51.00
4 0.5 50.00
4 1.0 49.00
4 1.5 49.00
4 2.0 47.00
4 2.5 50.00
4 3.0 29.00
4 3.5 23.00
4 4.0 26.00
4 4.5 18.00
4 5.0 13.00
4 5.5 10.00
4 6.0 8.00
4 6.5 1.00
4 7.0 0.00
4 7.5 0.00
4 8.0 3.00
4 8.5 0.00
4 9.0 0.00
4 9.5 0.00
4 10.0 0.00
4 10.5 0.00
4 11.0 0.00
4 11.5 0.00
4 12.0 0.00
4 12.5 0.00
4 13.0 0.00
4 13.5 0.00
4 14.0 0.00
4 14.5 0.00
4 15.0 0.00
4 15.5 0.00
4 16.0 0.00
4 16.5 0.00
4 17.0 0.00
4 17.5 0.00
4 18.0 0.00
4 18.5 0.00
4 19.0 0.00
4 19.5 0.00
4 20.0 0.00
4 20.5 0.00
4 21.0 0.00
4 21.5 0.00
4 22.0 0.00
4 22.5 0.00
4 23.0 0.00
4 23.5 0.00
4 24.0 0.00
4 24.5 0.00
4 25.0 0.00
4 25.5 0.00
4 26.0 0.00
4 26.5 0.00
4 27.0 0.00
4 27.5 0.00
4 28.0 0.00
4 28.5 0.00
4 29.0 0.00
4 29.5 0.00
4 30.0 0.00
4 30.5 0.00
4 31.0 0.00
4 31.5 0.00
4 32.0 0.00
4 32.5 0.00
4 33.0 0.00
4 33.5 0.00
4 34.0 0.00
4 34.5 0.00
4 35.0 0.00
4 35.5 0.00
4 36.0 0.00
4 36.5 0.00
4 37.0 0.00
4 37.5 0.00
4 38.0 0.00
4 38.5 0.00
4 39.0 0.00
4 39.5 0.00
4 40.0 0.00
4 40.5 0.00
4 41.0 0.00
4 41.5 0.00
4 42.0 0.00
4 42.5 0.00
4 43.0 0.00
4 43.5 0.00
4 44.0 0.00
4 44.5 0.00
4 45.0 0.00
4 45.5 0.00
4 46.0 0.00
4 46.5 0.00
4 47.0 0.00
4 47.5 0.00
4 48.0 0.00
4 48.5 0.00
4 49.0 0.00
4 49.5 0.00
4 50.0 0.00
4 50.5 0.00
4 51.0 0.00
4 51.5 0.00
4 52.0 0.00

5 0.0 0.00
5 0.5 0.00
5 1.0 0.00
5 1.5 0.00
5 2.0 0.00
5 2.5 0.00
5 3.0 0.00
5 3.5 0.00
5 4.0 0.00
5 4.5 0.00
5 5.0 0.00
5 5.5 0.00
5 6.0 0.00
5 6.5 0.00
5 7.0 0.00
5 7.5 0.00
5 8.0 0.00
5 8.5 0.00
5 9.0 0.00
5 9.5 0.00
5 10.0 0.00
5 10.5 0.00
5 11.0 0.00
5 11.5 0.00
5 12.0 0.00
5 12.5 0.00
5 13.0 0.00
5 13.5 0.00
5 14.0 0.00
5 14.5 0.00
5 15.0 0.00
5 15.5 0.00
5 16.0 0.00
5 16.5 0.00
5 17.0 0.00
5 17.5 0.00
5 18.0 0.00
5 18.5 0.00
5 19.0 0.00
5 19.5 0.00
5 20.0 0.00
5 20.5 0.00
5 21.0 0.00
5 21.5 0.00
5 22.0 0.00
5 22.5 0.00
5 23.0 0.00
5 23.5 0.00
5 24.0 0.00
5 24.5 0.00
5 25.0 0.00
5 25.5 0.00
5 26.0 0.00
5 26.5 0.00
5 27.0 0.00
5 27.5 0.00
5 28.0 0.00
5 28.5 0.00
5 29.0 0.00
5 29.5 0.00
5 30.0 0.00
5 30.5 0.00
5 31.0 0.00
5 31.5 0.00
5 32.0 0.00
5 32.5 0.00
5 33.0 0.00
5 33.5 0.00
5 34.0 0.00
5 34.5 0.00
5 35.0 0.00
5 35.5 0.00
5 36.0 0.00
5 36.5 0.00
5 37.0 0.00
5 37.5 0.00
5 38.0 0.00
5 38.5 0.00
5 39.0 0.00
5 39.5 0.00
5 40.0 0.00
5 40.5 0.00
5 41.0 0.00
5 41.5 0.00
5 42.0 0.00
5 42.5 0.00
5 43.0 0.00
5 43.5 0.00
5 44.0 0.00
5 44.5 0.00
5 45.0 0.00
5 45.5 0.00
5 46.0 0.00
5 46.5 0.00
5 47.0 0.00
5 47.5 0.00
5 48.0 0.00
5 48.5 0.00
5 49.0 0.00
5 49.5 0.00
5 50.0 0.00
5 50.5 0.00
5 51.0 0.00
5 51.5 0.00
5 52.0 0.00

6 0.0 0.00
6 0.5 0.00
6 1.0 0.00
6 1.5 0.00
6 2.0 0.00
6 2.5 0.00
6 3.0 0.00
6 3.5 0.00
6 4.0 0.00
6 4.5 0.00
6 5.0 0.00
6 5.5 0.00
6 6.0 0.00
6 6.5 0.00
6 7.0 0.00
6 7.5 0.00
6 8.0 0.00
6 8.5 0.00
6 9.0 0.00
6 9.5 0.00
6 10.0 0.00
6 10.5 0.00
6 11.0 0.00
6 11.5 0.00
6 12.0 0.00
6 12.5 0.00
6 13.0 0.00
6 13.5 0.00
6 14.0 0.00
6 14.5 0.00
6 15.0 0.00
6 15.5 0.00
6 16.0 0.00
6 16.5 0.00
6 17.0 0.00
6 17.5 0.00
6 18.0 0.00
6 18.5 0.00
6 19.0 0.00
6 19.5 0.00
6 20.0 0.00
6 20.5 0.00
6 21.0 0.00
6 21.5 0.00
6 22.0 0.00
6 22.5 0.00
6 23.0 0.00
6 23.5 0.00
6 24.0 0.00
6 24.5 0.00
6 25.0 0.00
6 25.5 0.00
6 26.0 0.00
6 26.5 0.00
6 27.0 0.00
6 27.5 0.00
6 28.0 0.00
6 28.5 0.00
6 29.0 0.00
6 29.5 0.00
6 30.0 0.00
6 30.5 0.00
6 31.0 0.00
6 31.5 0.00
6 32.0 0.00
6 32.5 0.00
6 33.0 0.00
6 33.5 0.00
6 34.0 0.00
6 34.5 0.00
6 35.0 0.00
6 35.5 0.00
6 36.0 0.00
6 36.5 0.00
6 37.0 0.00
6 37.5 0.00
6 38.0 0.00
6 38.5 0.00
6 39.0 0.00
6 39.5 0.00
6 40.0 0.00
6 40.5 0.00
6 41.0 0.00
6 41.5 0.00
6 42.0 0.00
6 42.5 0.00
6 43.0 0.00
6 43.5 0.00
6 44.0 0.00
6 44.5 0.00
6 45.0 0.00
6 45.5 0.00
6 46.0 0.00
6 46.5 0.00
6 47.0 0.00
6 47.5 0.00
6 48.0 0.00
6 48.5 0.00
6 49.0 0.00
6 49.5 0.00
6 50.0 0.00
6 50.5 0.00
6 51.0 0.00
6 51.5 0.00
6 52.0 0.00

7 0.0 26.00
7 0.5 28.00
7 1.0 28.00
7 1.5 28.00
7 2.0 27.00
7 2.5 30.00
7 3.0 20.00
7 3.5 12.00
7 4.0 7.00
7 4.5 7.00
7 5.0 6.00
7 5.5 10.00
7 6.0 1.00
7 6.5 0.00
7 7.0 0.00
7 7.5 1.00
7 8.0 0.00
7 8.5 0.00
7 9.0 0.00
7 9.5 0.00
7 10.0 0.00
7 10.5 0.00
7 11.0 0.00
7 11.5 0.00
7 12.0 0.00
7 12.5 0.00
7 13.0 0.00
7 13.5 0.00
7 14.0 0.00
7 14.5 0.00
7 15.0 0.00
7 15.5 0.00
7 16.0 0.00
7 16.5 0.00
7 17.0 0.00
7 17.5 0.00
7 18.0 0.00
7 18.5 0.00
7 19.0 0.00
7 19.5 0.00
7 20.0 0.00
7 20.5 0.00
7 21.0 0.00
7 21.5 0.00
7 22.0 0.00
7 22.5 0.00
7 23.0 0.00
7 23.5 0.00
7 24.0 0.00
7 24.5 0.00
7 25.0 0.00
7 25.5 0.00
7 26.0 0.00
7 26.5 0.00
7 27.0 0.00
7 27.5 0.00
7 28.0 0.00
7 28.5 0.00
7 29.0 0.00
7 29.5 0.00
7 30.0 0.00
7 30.5 0.00
7 31.0 0.00
7 31.5 0.00
7 32.0 0.00
7 32.5 0.00
7 33.0 0.00
7 33.5 0.00
7 34.0 0.00
7 34.5 0.00
7 35.0 0.00
7 35.5 0.00
7 36.0 0.00
7 36.5 0.00
7 37.0 0.00
7 37.5 0.00
7 38.0 0.00
7 38.5 0.00
7 39.0 0.00
7 39.5 0.00
7 40.0 0.00
7 40.5 0.00
7 41.0 0.00
7 41.5 0.00
7 42.0 0.00
7 42.5 0.00
7 43.0 0.00
7 43.5 0.00
7 44.0 0.00
7 44.5 0.00
7 45.0 0.00
7 45.5 0.00
7 46.0 0.00
7 46.5 0.00
7 47.0 0.00
7 47.5 0.00
7 48.0 0.00
7 48.5 0.00
7 49.0 0.00
7 49.5 0.00
7 50.0 0.00
7 50.5 0.00
7 51.0 0.00
7 51.5 0.00
7 52.0 0.00

8 0.0 89.00
8 0.5 89.00
8 1.0 90.00
8 1.5 89.00
8 2.0 92.00
8 2.5 92.00
8 3.0 56.00
8 3.5 68.00
8 4.0 49.00
8 4.5 48.00
8 5.0 45.00
8 5.5 12.00
8 6.0 20.00
8 6.5 8.00
8 7.0 8.00
8 7.5 2.00
8 8.0 5.00
8 8.5 0.00
8 9.0 0.00
8 9.5 0.00
8 10.0 0.00
8 10.5 0.00
8 11.0 0.00
8 11.5 0.00
8 12.0 0.00
8 12.5 0.00
8 13.0 0.00
8 13.5 0.00
8 14.0 0.00
8 14.5 0.00
8 15.0 0.00
8 15.5 0.00
8 16.0 0.00
8 16.5 0.00
8 17.0 0.00
8 17.5 0.00
8 18.0 0.00
8 18.5 0.00
8 19.0 0.00
8 19.5 0.00
8 20.0 0.00
8 20.5 0.00
8 21.0 0.00
8 21.5 0.00
8 22.0 0.00
8 22.5 0.00
8 23.0 0.00
8 23.5 0.00
8 24.0 0.00
8 24.5 0.00
8 25.0 0.00
8 25.5 0.00
8 26.0 0.00
8 26.5 0.00
8 27.0 0.00
8 27.5 0.00
8 28.0 0.00
8 28.5 0.00
8 29.0 0.00
8 29.5 0.00
8 30.0 0.00
8 30.5 0.00
8 31.0 0.00
8 31.5 0.00
8 32.0 0.00
8 32.5 0.00
8 33.0 0.00
8 33.5 0.00
8 34.0 0.00
8 34.5 0.00
8 35.0 0.00
8 35.5 0.00
8 36.0 0.00
8 36.5 0.00
8 37.0 0.00
8 37.5 0.00
8 38.0 0.00
8 38.5 0.00
8 39.0 0.00
8 39.5 0.00
8 40.0 0.00
8 40.5 0.00
8 41.0 0.00
8 41.5 0.00
8 42.0 0.00
8 42.5 0.00
8 43.0 0.00
8 43.5 0.00
8 44.0 0.00
8 44.5 0.00
8 45.0 0.00
8 45.5 0.00
8 46.0 0.00
8 46.5 0.00
8 47.0 0.00
8 47.5 0.00
8 48.0 0.00
8 48.5 0.00
8 49.0 0.00
8 49.5 0.00
8 50.0 0.00
8 50.5 0.00
8 51.0 0.00
8 51.5 0.00
8 52.0 0.00

9 0.0 24.00
9 0.5 25.00
9 1.0 23.00
9 1.5 26.00
9 2.0 26.00
9 2.5 23.00
9 3.0 29.00
9 3.5 29.00
9 4.0 35.00
9 4.5 34.00
9 5.0 9.00
9 5.5 15.00
9 6.0 28.00
9 6.5 32.00
9 7.0 14.00
9 7.5 16.00
9 8.0 26.00
9 8.5 21.00
9 9.0 28.00
9 9.5 31.00
9 10.0 19.00
9 10.5 15.00
9 11.0 15.00
9 11.5 10.00
9 12.0 8.00
9 12.5 13.00
9 13.0 11.00
9 13.5 4.00
9 14.0 10.00
9 14.5 0.00
9 15.0 12.00
9 15.5 0.00
9 16.0 0.00
9 16.5 0.00
9 17.0 0.00
9 17.5 0.00
9 18.0 0.00
9 18.5 0.00
9 19.0 0.00
9 19.5 0.00
9 20.0 0.00
9 20.5 0.00
9 21.0 0.00
9 21.5 0.00
9 22.0 0.00
9 22.5 0.00
9 23.0 0.00
9 23.5 0.00
9 24.0 0.00
9 24.5 0.00
9 25.0 0.00
9 25.5 0.00
9 26.0 0.00
9 26.5 0.00
9 27.0 0.00
9 27.5 0.00
9 28.0 0.00
9 28.5 0.00
9 29.0 0.00
9 29.5 0.00
9 30.0 0.00
9 30.5 0.00
9 31.0 0.00
9 31.5 0.00
9 32.0 0.00
9 32.5 0.00
9 33.0 0.00
9 33.5 0.00
9 34.0 0.00
9 34.5 0.00
9 35.0 0.00
9 35.5 0.00
9 36.0 0.00
9 36.5 0.00
9 37.0 0.00
9 37.5 0.00
9 38.0 0.00
9 38.5 0.00
9 39.0 0.00
9 39.5 0.00
9 40.0 0.00
9 40.5 0.00
9 41.0 0.00
9 41.5 0.00
9 42.0 0.00
9 42.5 0.00
9 43.0 0.00
9 43.5 0.00
9 44.0 0.00
9 44.5 0.00
9 45.0 0.00
9 45.5 0.00
9 46.0 0.00
9 46.5 0.00
9 47.0 0.00
9 47.5 0.00
9 48.0 0.00
9 48.5 0.00
9 49.0 0.00
9 49.5 0.00
9 50.0 0.00
9 50.5 0.00
9 51.0 0.00
9 51.5 0.00
9 52.0 0.00

10 0.0 31.00
10 0.5 25.00
10 1.0 25.00
10 1.5 24.00
10 2.0 25.00
10 2.5 22.00
10 3.0 17.00
10 3.5 21.00
10 4.0 20.00
10 4.5 17.00
10 5.0 1.00
10 5.5 0.00
10 6.0 16.00
10 6.5 6.00
10 7.0 0.00
10 7.5 0.00
10 8.0 0.00
10 8.5 7.00
10 9.0 11.00
10 9.5 0.00
10 10.0 1.00
10 10.5 0.00
10 11.0 0.00
10 11.5 0.00
10 12.0 0.00
10 12.5 0.00
10 13.0 0.00
10 13.5 0.00
10 14.0 0.00
10 14.5 0.00
10 15.0 0.00
10 15.5 0.00
10 16.0 0.00
10 16.5 0.00
10 17.0 0.00
10 17.5 0.00
10 18.0 0.00
10 18.5 0.00
10 19.0 0.00
10 19.5 0.00
10 20.0 0.00
10 20.5 0.00
10 21.0 0.00
10 21.5 0.00
10 22.0 0.00
10 22.5 0.00
10 23.0 0.00
10 23.5 0.00
10 24.0 0.00
10 24.5 0.00
10 25.0 0.00
10 25.5 0.00
10 26.0 0.00
10 26.5 0.00
10 27.0 0.00
10 27.5 0.00
10 28.0 0.00
10 28.5 0.00
10 29.0 0.00
10 29.5 0.00
10 30.0 0.00
10 30.5 0.00
10 31.0 0.00
10 31.5 0.00
10 32.0 0.00
10 32.5 0.00
10 33.0 0.00
10 33.5 0.00
10 34.0 0.00
10 34.5 0.00
10 35.0 0.00
10 35.5 0.00
10 36.0 0.00
10 36.5 0.00
10 37.0 0.00
10 37.5 0.00
10 38.0 0.00
10 38.5 0.00
10 39.0 0.00
10 39.5 0.00
10 40.0 0.00
10 40.5 0.00
10 41.0 0.00
10 41.5 0.00
10 42.0 0.00
10 42.5 0.00
10 43.0 0.00
10 43.5 0.00
10 44.0 0.00
10 44.5 0.00
10 45.0 0.00
10 45.5 0.00
10 46.0 0.00
10 46.5 0.00
10 47.0 0.00
10 47.5 0.00
10 48.0 0.00
10 48.5 0.00
10 49.0 0.00
10 49.5 0.00
10 50.0 0.00
10 50.5 0.00
10 51.0 0.00
10 51.5 0.00
10 52.0 0.00

11 0.0 24.00
11 0.5 27.00
11 1.0 24.00
11 1.5 21.00
11 2.0 24.00
11 2.5 25.00
11 3.0 28.00
11 3.5 23.00
11 4.0 20.00
11 4.5 20.00
11 5.0 53.00
11 5.5 59.00
11 6.0 21.00
11 6.5 26.00
11 7.0 45.00
11 7.5 25.00
11 8.0 29.00
11 8.5 31.00
11 9.0 32.00
11 9.5 42.00
11 10.0 31.00
11 10.5 28.00
11 11.0 42.00
11 11.5 41.00
11 12.0 14.00
11 12.5 32.00
11 13.0 39.00
11 13.5 64.00
11 14.0 21.00
11 14.5 30.00
11 15.0 19.00
11 15.5 29.00
11 16.0 31.00
11 16.5 17.00
11 17.0 30.00
11 17.5 19.00
11 18.0 26.00
11 18.5 22.00
11 19.0 17.00
11 19.5 24.00
11 20.0 21.00
11 20.5 3.00
11 21.0 1.00
11 21.5 6.00
11 22.0 0.00
11 22.5 0.00
11 23.0 0.00
11 23.5 0.00
11 24.0 0.00
11 24.5 0.00
11 25.0 0.00
11 25.5 0.00
11 26.0 0.00
11 26.5 0.00
11 27.0 0.00
11 27.5 0.00
11 28.0 0.00
11 28.5 0.00
11 29.0 0.00
11 29.5 0.00
11 30.0 0.00
11 30.5 0.00
11 31.0 0.00
11 31.5 0.00
11 32.0 0.00
11 32.5 0.00
11 33.0 0.00
11 33.5 0.00
11 34.0 0.00
11 34.5 0.00
11 35.0 0.00
11 35.5 0.00
11 36.0 0.00
11 36.5 0.00
11 37.0 0.00
11 37.5 0.00
11 38.0 0.00
11 38.5 0.00
11 39.0 0.00
11 39.5 0.00
11 40.0 0.00
11 40.5 0.00
11 41.0 0.00
11 41.5 0.00
11 42.0 0.00
11 42.5 0.00
11 43.0 0.00
11 43.5 0.00
11 44.0 0.00
11 44.5 0.00
11 45.0 0.00
11 45.5 0.00
11 46.0 0.00
11 46.5 0.00
11 47.0 0.00
11 47.5 0.00
11 48.0 0.00
11 48.5 0.00
11 49.0 0.00
11 49.5 0.00
11 50.0 0.00
11 50.5 0.00
11 51.0 0.00
11 51.5 0.00
11 52.0 0.00

12 0.0 0.00
12 0.5 0.00
12 1.0 0.00
12 1.5 0.00
12 2.0 0.00
12 2.5 0.00
12 3.0 0.00
12 3.5 0.00
12 4.0 0.00
12 4.5 0.00
12 5.0 0.00
12 5.5 0.00
12 6.0 0.00
12 6.5 0.00
12 7.0 0.00
12 7.5 0.00
12 8.0 0.00
12 8.5 0.00
12 9.0 0.00
12 9.5 0.00
12 10.0 0.00
12 10.5 0.00
12 11.0 0.00
12 11.5 0.00
12 12.0 0.00
12 12.5 0.00
12 13.0 0.00
12 13.5 0.00
12 14.0 0.00
12 14.5 0.00
12 15.0 0.00
12 15.5 0.00
12 16.0 0.00
12 16.5 0.00
12 17.0 0.00
12 17.5 0.00
12 18.0 0.00
12 18.5 0.00
12 19.0 0.00
12 19.5 0.00
12 20.0 0.00
12 20.5 0.00
12 21.0 0.00
12 21.5 0.00
12 22.0 0.00
12 22.5 0.00
12 23.0 0.00
12 23.5 0.00
12 24.0 0.00
12 24.5 0.00
12 25.0 0.00
12 25.5 0.00
12 26.0 0.00
12 26.5 0.00
12 27.0 0.00
12 27.5 0.00
12 28.0 0.00
12 28.5 0.00
12 29.0 0.00
12 29.5 0.00
12 30.0 0.00
12 30.5 0.00
12 31.0 0.00
12 31.5 0.00
12 32.0 0.00
12 32.5 0.00
12 33.0 0.00
12 33.5 0.00
12 34.0 0.00
12 34.5 0.00
12 35.0 0.00
12 35.5 0.00
12 36.0 0.00
12 36.5 0.00
12 37.0 0.00
12 37.5 0.00
12 38.0 0.00
12 38.5 0.00
12 39.0 0.00
12 39.5 0.00
12 40.0 0.00
12 40.5 0.00
12 41.0 0.00
12 41.5 0.00
12 42.0 0.00
12 42.5 0.00
12 43.0 0.00
12 43.5 0.00
12 44.0 0.00
12 44.5 0.00
12 45.0 0.00
12 45.5 0.00
12 46.0 0.00
12 46.5 0.00
12 47.0 0.00
12 47.5 0.00
12 48.0 0.00
12 48.5 0.00
12 49.0 0.00
12 49.5 0.00
12 50.0 0.00
12 50.5 0.00
12 51.0 0.00
12 51.5 0.00
12 52.0 0.00
