0.42233276 0.077713013
0.50836182 0.12791443
0.21185303 0.066299438
1.2037506 0.1401062
1.6335297 0.030288696
0.088699341 0.069351196
0.13468933 0.06829834
0.45692444 0.17774963
0.79927063 0.069137573
0.095703125 0.043075562
0.10939026 0.23065186
2.0064545 0.25205994
1.2503052 0.063171387
1.3325195 0.081375122
0.21533203 0.078994751
0.49919128 0.078399658
0.68865967 0.03314209
1.7643585 0.16069031
1.370163 0.12504578
1.3665924 0.20880127
1.2950592 0.18095398
1.2308197 0.16685486
2.7453613 0.05897522
2.8773956 0.12518311
2.9066772 0.10385132
3.2401581 0.13168335
1.9172668 0.27186584
2.5289459 0.32188416
2.6662292 0.17573547
1.876709 0.4188385
1.9127808 0.049194336
1.4063416 0.21360779
2.8371887 0.17018127
2.0865021 0.17694092
1.8188477 0.11177063
2.6095428 0.30032349
2.8372345 0.20654297
3.1826172 0.2023468
2.5485687 0.11366272
1.5569611 0.1191864
2.2637787 0.0019378662
3.0736237 0.04196167
2.4532013 0.009552002
2.5346222 0.10368347
3.2214203 0.25575256
2.9309692 0.13844299
2.6967621 0.1418457
3.2021484 0.098770142
3.796051 0.18721008
3.1763306 0.083465576
2.8975983 0.29145813
3.7726746 0.070159912
3.3051147 0.27096558
3.7384644 0.14772034
3.9204559 0.12774658
3.8388824 0.16566467
4.0360107 0.058654785
4.194809 0.097167969
3.5760956 0.19458008
3.1523895 0.068511963
3.8551331 0.19804382
4.0486603 0.079727173
4.3412933 0.15927124
4.7069397 0.38690186
4.4198608 0.16744995
4.2624359 0.029968262
3.7440186 0.23681641
4.6774902 0.044921875
3.4793396 0.23431396
3.7810974 0.26029968
3.5491333 0.2802887
3.6069183 0.2076416
4.5530396 0.12220764
4.1996765 0.37147522
3.4978638 0.072860718
4.1351929 0.20318604
4.3014374 0.00054931641
5.2496948 0.10174561
4.6687622 0.16194153
5.1325378 0.15960693
5.6569061 0.099990845
5.5982513 0.12739563
5.1824493 0.26287842
5.0434265 0.057632446
6.2589417 0.18286133
5.1681366 0.023269653
6.3514709 0.093170166
5.6659241 0.16027832
5.0188293 0.43432617
5.5969086 0.17114258
5.6502228 0.07333374
5.0584259 0.22143555
4.6316681 0.0068969727
4.8385773 0.2137146
5.5448456 0.16156006
5.5534363 0.25375366
5.2515411 0.15267944
5.9196014 0.053909302
4.9162903 0.34765625
6.2990417 0.37080383
5.4224243 0.26820374
5.6047974 0.23251343
5.2850952 0.059371948
4.3653564 0.23950195
4.8263855 0.38575745
5.18367 0.39619446
5.5240936 0.099563599
5.4521179 0.18762207
4.9163361 0.26345825
4.5233002 0.083251953
5.5414886 0.27201843
5.2467651 0.19056702
5.244339 0.43405151
4.7311249 0.2973175
5.2686157 0.17259216
5.8731995 0.21784973
6.5512238 0.23202515
6.0046997 0.058319092
6.5848999 0.26487732
5.0863342 0.5025177
6.0584412 0.18162537
6.7120514 0.22938538
5.9507599 0.10742188
6.0617981 0.21434021
5.7867432 0.1023407
5.3720093 0.057540894
5.6606598 0.081420898
6.963913 0.11962891
5.8098755 0.022888184
6.6343689 0.0574646
5.5635071 0.11027527
5.0910492 0.01663208
5.2557526 0.11695862
6.7389526 0.22140503
7.2466278 0.025436401
6.9131012 0.23257446
5.6300812 0.47891235
6.0384521 0.25624084
6.4849091 0.20579529
6.7718658 0.28051758
8.3379669 0.4082489
7.6337891 0.28196716
7.4432526 0.33956909
7.1149292 0.47271729
8.296936 0.16992188
8.0822754 0.25177002
6.9540405 0.30307007
7.9827423 0.13945007
7.4251404 0.20204163
7.506073 0.24441528
7.9955444 0.15631104
7.6847687 0.097595215
9.386734 0.047592163
8.5634613 0.074707031
8.1110992 0.10668945
7.8081207 0.2588501
9.2839661 0.047439575
8.3762817 0.35746765
8.5414429 0.11807251
8.4660645 0.30117798
9.003067 0.17160034
8.999054 0.06892395
8.3222046 0.085189819
8.4199829 0.17741394
9.4288788 0.035003662
7.9250336 0.094009399
8.9502258 0.1293335
8.7825623 0.19145203
8.3059387 0.01020813
8.269104 0.10043335
9.7677765 0.19802856
9.4812622 0.23744202
8.4853058 0.23429871
8.9788208 0.16778564
9.1700287 0.31735229
9.1340485 0.066177368
8.9419861 0.11875916
8.5886841 0.25221252
8.5505981 0.24407959
8.4066315 0.15003967
8.9377136 0.21406555
10.050995 0.1966095
10.455383 0.0082550049
10.192596 0.15516663
9.7118073 0.17631531
11.23732 0.21130371
10.217178 0.0080413818
9.9725647 0.22840881
9.980896 0.12225342
9.1145935 0.043670654
9.7233429 0.029556274
9.5363007 0.18547058
9.7739105 0.024887085
11.603134 0.12554932
10.496857 0.085281372
10.344757 0.2277832
10.228546 0.037658691
10.41626 0.09135437
11.058197 0.31863403
10.158478 0.1415863
10.365524 0.13703918
11.06427 0.18751526
12.075684 0.10424805
11.60408 0.035324097
11.551895 0.010482788
10.840942 0.11959839
11.960632 0.30181885
10.886978 0.24134827
11.313553 0.051269531
11.361633 0.15438843
10.930099 0.19903564
11.351593 0.11685181
11.057556 0.13163757
11.132446 0.31234741
12.061966 0.33154297
11.675842 0.034133911
10.942642 0.15982056
12.181778 0.052383423
10.550781 0.019241333
11.109604 0.66886902
11.830765 0.35751343
11.597809 0.098190308
12.315689 0.29949951
10.99617 0.70832825
11.766434 0.10073853
11.937256 0.4041748
12.517212 0.42300415
13.236938 0.80871582
11.551758 0.53912354
12.085632 0.34521484
11.787735 0.51119995
11.814148 0.25997925
11.511887 0.31242371
11.402496 0.26261902
11.439941 0.30618286
11.88562 0.29786682
11.212845 0.27735901
12.370636 0.33113098
12.06929 0.8770752
12.129822 0.19223022
12.645966 0.13494873
12.025574 0.45153809
12.134628 0.21858215
12.744171 0.15167236
10.863144 0.13388062
12.121399 0.146698
12.085083 0.2550354
12.437073 0.42956543
12.066193 0.36177063
11.972351 0.58961487
11.984543 0.32794189
12.114136 0.52862549
11.98439 0.051101685
12.929977 0.26116943
12.714371 0.29403687
13.201599 0.37182617
12.011856 0.36735535
12.223816 0.09815979
12.38266 0.24502563
11.903397 0.2305603
12.304306 0.3651123
12.454041 0.11465454
11.983215 0.41963196
12.530029 0.07673645
12.999146 0.30148315
12.509125 0.20507812
12.709076 0.053222656
13.163635 0.33833313
11.844437 0.40065002
12.283661 0.035583496
12.750412 0.29492188
12.300323 0.029586792
12.380722 0.059265137
12.033173 0.16822815
12.593185 0.1398468
12.50174 0.25765991
12.23262 0.0020599365
11.740051 0.014450073
12.659439 0.049285889
12.575562 0.18234253
11.841705 0.17996216
12.77948 0.01335144
12.684158 0.15551758
12.011719 0.054702759
12.683411 0.32092285
12.701416 0.34553528
13.419067 0.42103577
12.396454 0.10826111
12.398285 0.15841675
13.162567 0.039657593
12.223175 0.38336182
13.079498 0.40748596
12.947922 0.034072876
12.642456 0.21852112
11.901489 0.04057312
13.089539 0.033569336
13.866211 0.20921326
12.814636 0.085525513
14.282593 0.26725769
14.279053 0.29959106
14.105698 0.41696167
13.282166 0.30329895
12.475998 0.22389221
14.11232 0.064559937
13.24176 0.036834717
15.495865 0.24668884
14.254715 0.37277222
13.957703 0.18231201
15.564255 0.10700989
14.059616 0.39102173
14.328949 0.086639404
14.737579 0.31161499
15.782715 0.097824097
15.999191 0.12789917
16.917297 0.10173035
17.85025 0.16105652
17.230743 0.056915283
17.358063 0.059249878
17.881622 0.19474792
17.011551 0.20378113
17.021545 0.19241333
17.285828 0.3261261
16.752701 0.20196533
17.405823 0.11772156
17.212585 0.254776
16.903534 0.15858459
17.24823 0.057434082
17.344147 0.24972534
18.428284 0.03666687
17.290863 0.26376343
17.612289 0.29975891
18.478226 0.24447632
18.178711 0.34960938
19.272324 0.14506531
17.407669 0.15054321
17.749161 0.090209961
17.65564 0.029006958
19.054367 0.023483276
17.937408 0.30183411
18.876068 0.36468506
18.813538 0.12980652
18.979202 0.4105835
18.98381 0.27185059
19.306992 0.30656433
18.922058 0.33164978
18.61644 0.11424255
19.052795 0.23828125
18.478897 0.078277588
18.003357 0.34446716
18.685623 0.39201355
19.277832 0.15927124
18.929504 0.10223389
18.148422 0.16958618
20.918518 0.133255
19.283112 0.12355042
20.346115 0.30462646
19.907776 0.33627319
18.654022 0.24517822
19.064911 0.15670776
18.658112 0.35020447
19.169586 0.45291138
19.680054 0.19328308
19.609207 0.34336853
20.325989 0.17103577
19.781448 0.30982971
20.647156 0.031311035
20.080109 0.27302551
20.795502 0.31092834
19.99762 0.20117188
19.614243 0.11886597
19.529984 0.1759491
20.810318 0.21913147
20.375778 0.14328003
21.539276 0.0091094971
20.094162 0.29486084
19.819031 0.38832092
20.276627 0.02281189
20.659897 0.065551758
20.437439 0.45735168
21.154846 0.28305054
21.910339 0.26396179
20.186813 0.025772095
20.55394 0.047744751
20.21846 0.1081543
20.231415 0.088439941
20.989044 0.056793213
21.337845 0.1476593
21.698318 0.1729126
21.334534 0.033096313
22.123688 0.15400696
21.515915 0.053405762
22.092346 0.10603333
22.037735 0.019317627
22.558609 0.071212769
24.42868 0.032348633
23.232086 0.06161499
22.807861 0.039169312
23.446777 0.13130188
21.570923 0.29011536
21.345001 0.075256348
23.19426 0.12895203
24.17131 0.092071533
22.316727 0.0083770752
23.262238 0.087936401
22.459747 0.064941406
23.93248 0.067276001
24.040771 0.17315674
22.579041 0.08984375
23.933533 0.17108154
24.507507 0.077575684
23.929871 0.11976624
24.005234 0.14916992
23.426376 0.1260376
23.65094 0.02911377
24.381134 0.03843689
24.19873 0.19306946
24.476318 0.19174194
23.446487 0.063903809
24.599594 0.061538696
24.864243 0.26806641
24.422699 0.22190857
23.581863 0.16423035
25.295807 0.21255493
24.701477 0.13818359
25.590683 0.20111084
24.924713 0.23309326
26.039337 0.15148926
24.70694 0.044769287
25.472229 0.23225403
26.408478 0.027557373
25.987503 0.011276245
26.071671 0.23353577
25.394852 0.34854126
25.799469 0.33337402
24.552292 0.24859619
27.201447 0.15586853
25.9552 0.029663086
25.201447 0.083572388
26.207458 0.52342224
26.313995 0.069854736
25.618515 0.029678345
26.093155 0.060699463
25.794479 0.018249512
27.513489 0.049438477
26.101379 0.28483582
25.858704 0.081344604
25.635315 0.15797424
26.743118 0.20837402
26.603134 0.34536743
26.678955 0.2931366
26.672531 0.16572571
26.863708 0.28257751
28.120193 0.14022827
27.209717 0.25248718
27.598831 0.42196655
28.362961 0.40202332
28.986267 0.33081055
27.560303 0.37583923
27.566925 0.15284729
28.073196 0.068237305
27.973511 0.0035095215
26.681534 0.15734863
25.861923 0.1464386
25.254318 0.21801758
26.566498 0.30032349
27.657394 0.20339966
26.915802 0.055725098
27.839417 0.19694519
28.573029 0.016998291
27.63623 0.050964355
26.939209 0.23471069
28.200974 0.11947632
27.548126 0.08782959
27.728745 0.13589478
28.324036 0.075332642
27.807983 0.056533813
27.85202 0.13899231
28.111084 0.16622925
28.093781 0.010192871
27.973785 0.00079345703
27.188644 9.1552734e-05
28.325699 0.041610718
28.151794 0.031021118
29.435242 0.27442932
27.448257 0.08253479
28.769073 0.068008423
28.706894 0.1769104
27.816406 0.062789917
28.552704 0.27046204
29.379379 0.09803772
28.435364 0.11746216
28.994888 0.23019409
28.457108 0.043014526
29.981171 0.34992981
29.664215 0.30863953
28.91716 0.084350586
29.676224 0.07824707
28.87677 0.084259033
29.414001 0.095153809
27.739929 0.0040588379
29.608154 0.03503418
28.684708 0.52197266
28.313354 0.20193481
29.207748 0.34446716
28.883362 0.10696411
29.892776 0.12878418
29.242432 0.38581848
29.109283 0.095123291
29.559982 0.54476929
29.367111 0.35472107
29.019684 0.067443848
29.590042 0.17868042
30.578186 0.044174194
28.755188 0.50718689
30.315399 0.15652466
31.753891 0.56828308
29.157455 0.3618927
28.849548 0.44380188
30.26152 0.14375305
30.313553 0.11946106
30.842728 0.61151123
30.502136 0.36355591
29.941986 0.42427063
31.40361 0.3757782
30.953552 0.1690979
30.823792 0.13420105
29.939972 0.24603271
28.952072 0.23731995
31.435928 0.15663147
31.134705 0.12353516
31.07283 0.42408752
29.649689 0.53536987
30.636978 0.47857666
31.311829 0.33331299
31.372131 0.4197998
29.880295 0.58171082
31.184402 0.33631897
31.80899 0.46490479
32.514877 0.4402771
31.998474 0.49638367
30.70787 0.30517578
32.716827 0.42997742
31.577087 0.44000244
31.590179 0.63768005
33.080658 0.22244263
31.570877 0.39826965
31.886612 0.62145996
31.158447 0.33241272
31.272827 0.29972839
31.612549 0.17573547
31.404282 0.31350708
31.628647 0.44422913
31.933762 0.19630432
32.657639 0.81411743
31.992996 0.69813538
31.502213 0.42298889
31.772781 0.36209106
34.078888 0.56582642
31.927444 0.53999329
32.916473 0.28196716
32.161469 0.60565186
31.96907 0.67433167
32.66539 0.67684937
31.612671 0.40556335
32.84285 0.66952515
31.124573 0.42572021
31.497513 0.22221375
31.937332 0.46946716
31.323212 0.47598267
32.744888 0.193573
32.745377 0.39735413
31.987122 0.58247375
32.083496 0.39826965
31.324966 0.2388916
30.801651 0.61959839
30.951874 0.7774353
32.207489 0.31811523
32.170013 0.3678894
32.846313 0.26113892
32.394165 0.54978943
32.368546 0.35797119
33.050964 0.19934082
33.88562 0.29026794
32.871262 0.34147644
31.580841 0.29051208
33.822617 0.44075012
33.851425 0.40324402
32.572968 0.49537659
32.984802 0.43870544
33.624161 0.38285828
34.9655 0.63069153
34.407486 0.52400208
34.316498 0.78053284
34.128784 0.5587616
32.997391 0.37454224
32.631073 0.28390503
34.318375 0.56251526
33.423752 0.25617981
33.931549 0.57077026
33.185486 0.41874695
32.575928 0.27755737
32.718918 0.53398132
34.010468 0.31231689
33.720398 0.44847107
34.357178 0.45793152
34.564636 0.26513672
33.72049 0.26367188
34.716553 0.34341431
33.672379 0.70375061
32.627136 0.00094604492
33.708435 0.72622681
32.515564 0.39328003
33.384583 0.33525085
34.360031 0.32543945
34.471924 0.16007996
34.521072 0.31021118
34.33075 0.22045898
34.216003 0.42677307
33.003754 0.29766846
34.433899 0.26409912
34.250671 0.2197876
35.321701 0.51104736
34.154831 0.36479187
34.590195 0.31756592
34.446304 0.4526825
33.537842 0.49975586
34.847351 0.39637756
34.02095 0.40109253
34.069168 0.36549377
35.04071 0.1290741
33.62027 0.14163208
35.089417 0.38006592
34.460785 0.2179718
34.477066 0.46879578
34.689926 0.39903259
34.931885 0.40357971
36.289261 0.17015076
36.019287 0.40118408
34.296844 0.48274231
36.050385 0.46356201
34.335632 0.50758362
34.335556 0.41990662
33.670349 0.13023376
34.63295 0.33145142
34.735184 0.4493866
36.023361 0.28007507
34.895142 0.5269928
34.391205 0.59799194
33.700378 0.55506897
34.356934 0.42192078
33.551651 0.26622009
34.777603 0.42849731
36.979416 0.05456543
35.374054 0.022018433
35.43631 0.11775208
35.406067 0.27679443
34.57811 0.23989868
35.714905 0.4304657
34.829803 0.090682983
35.547165 0.38201904
34.884445 0.12901306
35.213181 0.038909912
35.009369 0.31719971
35.928665 0.1072998
35.858185 0.17601013
36.519897 0.32342529
35.845398 0.32373047
36.47345 0.40635681
35.211975 0.17471313
35.867493 0.25645447
37.286316 0.62680054
36.607864 0.14256287
35.587296 0.44593811
36.356293 0.14028931
36.050003 0.4934845
35.65567 0.13237
36.001984 0.49406433
37.529266 0.49543762
35.85495 0.16601562
36.385315 0.86100769
36.884354 0.5188446
37.283997 0.5088501
36.342957 0.546875
36.380386 0.64892578
36.271667 0.56002808
37.177933 0.35157776
35.994034 0.69241333
37.551697 0.33239746
36.381882 0.28204346
37.221863 0.46717834
37.492218 0.5316925
36.574036 0.1282959
35.801163 0.26585388
36.031525 0.29067993
35.918411 0.1787262
36.834106 0.20455933
37.356827 0.062789917
35.647263 0.27627563
35.904419 0.16120911
36.893982 0.5435791
37.364777 0.069763184
36.457748 0.12846375
38.184387 0.37849426
37.804337 0.19981384
38.126053 0.47683716
37.773178 0.29171753
36.691498 0.2918396
37.284744 0.28248596
37.921219 0.47012329
37.964813 0.47224426
37.963791 0.25305176
37.493195 0.14849854
38.23613 0.066558838
37.641876 0.43751526
36.925522 0.36242676
38.299744 0.5574646
36.599304 0.27700806
37.56868 0.29229736
37.256165 0.2755127
37.965973 0.40060425
37.381027 0.41546631
39.143433 0.58303833
38.277267 0.36076355
38.360199 0.21963501
38.37558 0.1943512
38.275452 0.4226532
38.69635 0.52554321
38.391708 0.40278625
39.172852 0.46194458
37.615524 0.47288513
37.595352 0.26133728
38.600296 0.39276123
38.237457 0.3555603
38.474991 0.30271912
39.418488 0.43186951
38.715042 0.0020446777
39.29039 0.12516785
39.155411 0.45648193
37.880966 0.43170166
37.949875 0.41160583
37.914566 0.31069946
38.327011 0.21769714
38.773743 0.39006042
39.177032 0.47096252
39.324356 0.43254089
39.120346 0.58460999
38.514236 0.23036194
39.032043 0.39024353
38.937012 0.43226624
38.574768 0.39923096
39.526718 0.49127197
38.598633 0.37654114
39.596405 0.63809204
39.765701 0.65206909
39.797058 0.45440674
38.624878 0.14802551
39.878342 0.42088318
38.74765 0.42991638
39.317596 0.16755676
39.960876 0.18634033
38.648895 0.1204071
38.580627 0.19090271
38.903915 0.56976318
39.164444 0.25375366
38.571625 0.59049988
39.494278 0.67216492
38.428177 0.4070282
38.942871 0.32858276
38.924088 0.45199585
38.761307 0.59805298
39.016037 0.45913696
39.739731 0.30519104
39.757065 0.48686218
39.943909 0.38667297
39.075424 0.61708069
40.028885 0.0069885254
39.575546 0.51445007
38.871078 0.37182617
39.932129 0.48268127
38.375534 0.59259033
39.206848 0.096374512
38.432602 0.67063904
39.945251 0.42320251
40.052185 0.50537109
40.439453 0.33190918
39.442322 0.51133728
38.356842 0.57232666
39.36235 0.35469055
39.243225 0.42599487
39.351212 0.37229919
40.124115 0.47564697
39.802185 0.50952148
39.921921 0.65428162
39.499664 0.43197632
41.491821 0.50268555
39.963135 0.62342834
40.156189 0.55172729
41.161484 0.65626526
41.181717 0.5798645
40.285904 0.50831604
39.186722 0.76264954
41.257904 0.43547058
41.205231 0.60914612
40.618591 0.29541016
41.601608 0.45054626
39.565872 0.42857361
40.105896 0.25665283
40.039795 0.42584229
40.080521 0.24359131
41.640747 0.58978271
40.60228 0.41137695
41.02153 0.36160278
40.702179 0.33766174
40.129425 0.46105957
40.993881 0.55351257
40.994003 0.57852173
40.858719 0.44546509
41.896301 0.32070923
42.02739 0.52380371
42.266907 0.36830139
41.266922 0.34970093
41.269562 0.011825562
41.739044 0.579422
41.669159 0.34828186
41.501633 0.31973267
42.223175 0.4095459
41.0802 0.39479065
40.569702 0.0086517334
41.190582 0.34603882
43.05629 0.15478516
41.64621 0.30267334
42.649155 0.24755859
41.610229 0.29391479
42.142349 0.1927948
41.750427 0.42294312
42.239624 0.0056915283
41.285995 0.33544922
42.066086 0.30093384
42.400711 0.24577332
40.725891 0.05090332
43.241776 0.25840759
42.447662 0.38336182
41.804993 0.37130737
42.425903 0.4407959
41.919846 0.26043701
42.701767 0.014328003
41.695724 0.1680603
43.409897 0.1963501
42.548828 0.32470703
42.753815 0.13882446
42.947021 0.28390503
42.499191 0.121521
43.645569 0.20388794
41.509384 0.10734558
42.214417 0.19509888
42.842575 0.22018433
42.807678 0.14352417
42.239792 0.19281006
42.0979 0.30374146
43.360931 0.09413147
43.355911 0.14379883
42.390076 0.17102051
43.480957 0.39903259
43.502396 0.37141418
43.083252 0.43164062
43.248856 0.27359009
42.915588 0.16679382
42.837769 0.20327759
43.840546 0.19515991
43.326477 0.42927551
41.749344 0.37721252
43.420349 0.29927063
42.33255 0.45307922
43.605774 0.15782166
43.5271 0.26551819
43.093491 0.25558472
41.795288 0.64730835
43.001205 0.40380859
42.066772 0.39715576
41.877869 0.47827148
43.595322 0.10960388
42.289337 0.27575684
43.131165 0.16830444
41.915009 0.24713135
41.841431 0.13708496
43.530304 0.13214111
43.111984 0.19906616
44.587677 0.54318237
43.941147 0.37176514
43.417206 0.24468994
44.364059 0.28572083
43.493744 0.53381348
43.496094 0.33854675
42.278915 0.39489746
42.585724 0.58242798
43.691925 0.20558167
42.442078 0.17822266
43.322052 0.29841614
43.286438 0.22013855
42.930557 0.21881104
42.688034 0.40904236
43.548615 0.41798401
43.449692 0.15853882
44.111877 0.24090576
44.908157 0.22114563
44.042908 0.27224731
44.16571 0.21606445
43.580429 0.47200012
44.173477 0.24334717
43.422729 0.2479248
43.858109 0.29858398
43.780029 0.13269043
43.585159 0.31292725
44.000778 0.42254639
43.33255 0.25416565
44.372147 0.22528076
43.867462 0.41169739
43.958313 0.10914612
43.504868 0.21742249
42.917725 0.22142029
43.833557 0.28123474
43.687561 0.37063599
43.541611 0.29992676
43.666 0.0061798096
44.710693 0.25366211
43.940262 0.22990417
44.348541 0.01348877
44.135056 0.20840454
44.849884 0.16421509
44.832214 0.0063476562
44.229538 0.059127808
44.669357 0.006362915
44.922028 0.30065918
44.645004 0.096237183
44.723068 0.11650085
44.963074 0.045455933
45.467834 0.20352173
44.180084 0.19747925
46.247742 0.29721069
45.842834 0.57171631
44.189316 0.42936707
44.483215 0.27093506
44.54689 0.1806488
44.801865 0.24151611
45.072586 0.32594299
45.936447 0.19989014
45.96138 0.17863464
45.70253 0.29156494
44.878784 0.058746338
45.321579 0.18052673
46.071579 0.38905334
44.741898 0.20306396
45.384033 0.32174683
45.069443 0.0069885254
45.530823 0.085830688
45.991486 0.12258911
45.933212 0.069198608
46.061584 0.57945251
46.079605 0.17393494
45.779724 0.2376709
46.426437 0.60438538
46.572327 0.25971985
45.179138 0.41020203
46.677414 0.31159973
46.50502 0.26087952
47.405411 0.25674438
46.73645 0.19636536
46.307281 0.25622559
48.024963 0.020965576
47.628128 0.25088501
45.324799 0.042419434
46.934906 0.2618103
47.095016 0.6335144
46.942139 0.17895508
46.533463 0.22549438
48.233795 0.15422058
48.278015 0.04901123
48.383804 0.10826111
48.653732 0.36791992
46.903992 0.12994385
47.466171 0.41896057
47.416458 0.45378113
47.858109 0.35192871
47.370285 0.42163086
48.852478 0.15112305
48.488342 0.34597778
48.872559 0.22169495
48.143051 0.15797424
48.042633 0.021148682
48.187149 0.15847778
48.034668 0.10687256
47.841583 0.32333374
48.434982 0.45726013
47.972168 0.31718445
49.249985 0.00730896
47.380447 0.0018768311
48.832291 0.31256104
48.949585 0.42129517
47.972427 0.23092651
47.349854 0.43067932
49.010803 0.22181702
48.116013 0.15274048
48.910767 0.3601532
48.600418 0.08480835
48.940353 0.44549561
48.553574 0.062545776
48.927399 0.1726532
48.739319 0.11427307
48.61142 0.20617676
49.218002 0.28794861
48.784927 0.12911987
48.932083 0.24833679
48.167831 0.27835083
48.212738 0.098114014
50.384094 0.20445251
50.243958 0.25875854
49.21022 0.13085938
50.281921 0.023086548
50.276367 0.10140991
49.873001 0.09286499
50.034073 0.11891174
51.257904 0.34326172
50.70874 0.32676697
50.483154 0.42105103
50.739868 0.37969971
52.304321 0.36276245
51.120911 0.2558136
52.653976 0.2877655
52.140793 0.39361572
51.5961 0.21702576
52.55899 0.44158936
52.434036 0.33326721
52.126846 0.24754333
52.360199 0.13615417
52.344193 0.20306396
51.012589 0.054748535
52.183899 0.52584839
52.323792 0.36540222
50.802505 0.62779236
50.851929 0.15853882
51.930359 0.10028076
51.557083 0.19267273
52.452225 0.079589844
51.862244 0.059890747
52.114151 0.14007568
52.445984 0.0965271
52.3694 0.042572021
51.383209 0.20066833
53.587051 0.13290405
50.585449 0.41870117
51.754135 0.009979248
52.889618 0.016052246
52.592743 0.20159912
50.500122 0.12875366
52.520767 0.16467285
52.630325 0.038879395
51.908585 0.21409607
53.182022 0.2301178
53.578827 0.030853271
52.265518 0.22181702
52.499985 0.087997437
53.419464 0.19625854
52.217834 0.092132568
52.302292 0.13894653
53.116821 0.13343811
51.885284 0.1269989
52.9104 0.0040588379
52.992889 0.17419434
52.299271 0.3941803
53.142212 0.10606384
53.892349 0.44619751
53.079681 0.15718079
54.543777 0.025268555
53.151688 0.05607605
52.946609 0.31869507
53.335358 0.19654846
52.125305 0.0012054443
52.449768 0.022918701
53.028656 0.14892578
54.767929 0.059326172
53.859039 0.36941528
52.739426 0.23439026
54.113297 0.010375977
53.603302 0.050765991
54.009155 0.096481323
53.498337 0.13970947
53.822632 0.13375854
53.656311 0.10848999
53.891342 0.11204529
54.450073 0.1865387
53.923706 0.098556519
53.991608 0.43789673
53.193283 0.18644714
53.817413 0.3427887
53.006531 0.19625854
53.236511 0.21032715
53.015701 0.11764526
53.931992 0.30233765
53.318008 0.019760132
53.169479 0.097320557
52.838165 0.25469971
53.475342 0.058685303
53.376938 0.08190918
54.104797 0.19287109
54.791336 0.27484131
54.977631 0.09437561
55.852417 0.16629028
55.516602 0.028381348
54.730499 0.3099823
54.329926 0.37376404
54.893997 0.074539185
54.266159 0.42478943
54.035019 0.077041626
53.920044 0.18955994
53.409698 0.147995
52.650681 0.083694458
54.286072 0.396698
54.997604 0.1197052
54.356522 0.10134888
54.44278 0.30653381
54.136581 0.36805725
54.622696 0.4601593
55.263 0.35942078
53.624451 0.074554443
54.524017 0.37176514
54.113815 0.16026306
54.974777 0.40950012
55.665161 0.80491638
55.539505 0.39701843
54.263748 0.20246887
54.657471 0.17126465
54.863617 0.16539001
54.396393 0.010299683
54.520187 0.12336731
54.84613 0.25112915
54.912155 0.31361389
54.6082 0.52030945
56.189178 0.12646484
55.156265 0.15913391
54.809402 0.43470764
54.859482 0.010025024
54.633713 0.36784363
56.166946 0.015060425
55.715851 0.14920044
56.014496 0.040512085
55.033981 0.047821045
55.64418 0.51080322
55.235809 0.29730225
55.532288 0.34106445
56.789017 0.21472168
55.435974 0.15434265
55.312958 0.43458557
56.223434 0.050704956
56.766663 0.14691162
56.045853 0.11947632
56.103851 0.15686035
55.522278 0.094207764
55.021378 0.25587463
56.181137 0.34747314
55.579285 0.46350098
56.058807 0.046096802
56.419815 0.306427
56.016312 0.077636719
56.103607 0.046417236
56.172516 0.059127808
55.795029 0.12609863
55.850037 0.13920593
56.765228 0.27694702
55.594864 0.044250488
56.58313 0.051498413
56.256531 0.25267029
55.430832 0.16706848
56.701187 0.37956238
56.37999 0.1318512
55.448807 0.19972229
56.270859 0.097473145
56.790466 0.29525757
55.934311 0.20059204
56.456268 0.17593384
56.924988 0.014801025
56.253235 0.089889526
56.836487 0.35882568
56.53685 0.0061340332
56.536057 0.0064849854
56.176437 0.23052979
56.83342 0.15083313
56.918762 0.078857422
57.163177 0.11898804
57.24202 0.019973755
57.34259 0.27851868
57.23674 0.0081329346
57.169296 0.19560242
57.811707 0.27035522
56.475037 0.11593628
55.863907 0.13520813
56.81044 0.40222168
57.053467 0.28797913
57.201538 0.079116821
56.88092 0.13290405
57.518539 0.026519775
57.653214 0.11306763
58.589172 0.11639404
59.93988 0.093704224
59.972061 0.30003357
59.741898 0.27931213
60.104904 0.30111694
59.547958 0.099609375
58.912247 0.20913696
58.916153 0.15240479
58.801727 0.241745
59.444229 0.077713013
59.412201 0.095718384
59.817139 0.19303894
59.872406 0.0011749268
58.815628 0.21388245
60.068893 0.24487305
58.963943 0.26251221
59.435669 0.21897888
58.887512 0.14030457
59.399994 0.015914917
59.48584 0.02192688
60.186264 0.42912292
59.987366 0.37796021
60.182648 0.070877075
59.733627 0.10736084
59.468613 0.092086792
59.009598 0.24118042
60.265381 0.0039215088
59.564087 0.032577515
59.426697 0.14562988
60.182968 0.38926697
60.332458 0.2101593
60.113068 0.14775085
59.948059 0.10769653
60.262604 0.20365906
60.123825 0.22392273
60.425385 0.29847717
59.429901 0.18600464
60.047379 0.20724487
61.058228 0.13581848
60.41217 0.1726532
61.105286 0.42817688
60.019058 0.08241272
60.258163 0.46102905
59.636292 0.40402222
60.133408 0.1612854
59.648834 0.19223022
60.699585 0.21937561
60.183212 0.22540283
60.75293 0.2412262
60.041992 0.14233398
60.760635 0.21382141
59.873795 0.12043762
60.725449 0.20333862
60.605606 0.45516968
60.095947 0.00036621094
60.835602 0.36769104
60.496841 0.4103241
60.181015 0.093811035
61.175156 0.22845459
61.262238 0.27749634
60.31337 0.20631409
60.543808 0.23770142
61.09906 0.093017578
60.492172 0.15328979
60.67218 0.1109314
61.313828 0.17544556
60.829422 0.13777161
60.994583 0.16494751
60.930252 0.42660522
61.990616 0.43978882
62.698059 0.18876648
61.941833 0.23420715
62.140411 0.26802063
63.807983 0.42401123
64.20694 0.21247864
62.065582 0.034133911
63.585678 0.35955811
63.143982 0.094482422
63.510605 0.42193604
64.39798 0.19772339
62.948471 0.44065857
63.922157 0.34223938
64.566704 0.25469971
63.958344 0.12115479
64.723282 0.39518738
64.823944 0.16468811
64.783661 0.45324707
64.992188 0.44451904
65.14621 0.17785645
64.039635 0.15299988
64.151611 0.19406128
65.289391 0.18029785
66.024323 0.14930725
64.680717 0.11164856
64.937149 0.0086364746
64.451767 0.0048980713
65.028877 0.081817627
64.797203 0.29519653
64.249283 0.28614807
64.730904 0.089233398
65.728638 0.071365356
65.107803 0.39486694
66.06395 0.27388
65.651886 0.063034058
65.705826 0.27534485
65.959244 0.15310669
65.528091 0.13682556
65.571503 0.10603333
65.594696 0.020965576
66.09771 0.11236572
66.026993 0.16122437
65.232025 0.21337891
65.415337 0.11477661
66.131645 0.13829041
64.691078 0.011306763
66.025391 0.18742371
66.161079 0.092056274
65.931412 0.011810303
66.139946 0.028121948
65.294472 0.19927979
65.391602 0.035446167
65.707466 0.071533203
65.866104 0.21188354
66.191391 0.0075836182
66.153984 0.14083862
66.398872 0.18109131
66.600357 0.0206604
66.614922 0.017868042
66.315582 0.040283203
66.52108 0.20574951
66.86496 0.04196167
67.335815 0.34831238
66.258858 0.064407349
65.963219 0.092025757
66.873291 0.065383911
66.951431 0.13659668
66.955826 0.27850342
66.063751 0.51530457
67.281479 0.26695251
68.165543 0.38070679
66.428101 0.26315308
66.522621 0.35830688
67.408745 0.19563293
66.567017 0.053909302
67.231796 0.33474731
67.273087 0.43251038
67.418495 0.37094116
67.097015 0.39842224
67.661674 0.43917847
66.861534 0.055725098
67.65036 0.20179749
67.990547 0.15808105
68.080864 0.18431091
68.255859 0.42034912
67.851303 0.27487183
68.016045 0.090835571
67.371094 0.36450195
67.760811 0.29676819
66.986832 0.19920349
67.431763 0.484375
68.300171 0.29899597
68.309418 0.32528687
68.024818 0.31573486
67.464569 0.029525757
67.514862 0.38061523
67.35334 0.28005981
68.618759 0.33776855
67.947281 0.23458862
67.168282 0.030349731
67.828789 0.12265015
67.61776 0.44245911
68.415092 0.27230835
68.656281 0.034881592
68.353302 0.016296387
68.224136 0.055282593
68.774384 0.22566223
67.787598 0.12979126
68.858536 0.39888
68.225182 0.10333252
67.539848 0.5040741
67.555191 0.12846375
67.819649 0.32888794
68.695396 0.40322876
67.74543 0.0088806152
68.281898 0.15057373
68.480194 0.2787323
70.218536 0.1598053
68.531113 0.1963501
68.546875 0.44274902
67.766724 0.13052368
67.492706 0.10919189
68.371147 0.24105835
68.082993 0.46075439
68.511734 0.21923828
68.359772 0.071655273
68.279816 0.021972656
69.320312 0.17611694
69.45565 0.13822937
69.037231 0.088424683
68.155602 0.13726807
68.515907 0.18014526
68.556801 0.073532104
68.681732 0.34938049
69.703888 0.12744141
67.82328 0.13476562
69.355171 0.41505432
69.316757 0.11116028
68.684311 0.12054443
68.412338 0.17927551
68.451904 0.20300293
69.327965 0.16645813
68.778847 0.39207458
68.47184 0.50546265
68.449219 0.17987061
69.164688 0.21560669
69.472748 0.13414001
70.387733 0.27381897
69.412392 0.28985596
69.952095 0.15026855
70.431152 0.15344238
69.621063 0.046020508
69.95295 0.13563538
69.699585 0.2525177
69.78038 0.30419922
69.941437 0.032470703
70.100311 0.39334106
69.765678 0.28457642
69.708336 0.35070801
70.706367 0.35424805
70.100601 0.0026092529
71.099106 0.10017395
71.595596 0.42536926
70.833824 0.031509399
71.614365 0.041290283
72.624687 0.4564209
71.665367 0.078842163
71.082329 0.10572815
71.876129 0.1743927
70.922836 0.15661621
71.918442 0.075592041
71.674164 0.20228577
71.897652 0.57844543
72.634468 0.25892639
71.705109 0.19395447
71.405487 0.037719727
71.664276 0.40280151
72.613144 0.047302246
72.291122 0.18045044
72.501625 0.40492249
74.598663 0.0014343262
73.701691 0.083480835
74.407799 0.092285156
74.138336 0.1295166
74.764267 0.087600708
74.104111 0.42900085
74.566704 0.26182556
73.99234 0.30981445
74.702423 0.18733215
74.476372 0.24172974
73.539032 0.04069519
74.630089 0.0056915283
73.340836 0.21337891
74.336617 0.2837677
75.358398 0.28083801
74.994598 0.07371521
75.730469 0.33354187
74.472519 0.29217529
74.495728 0.31719971
74.204376 0.22605896
74.987221 0.11636353
74.84063 0.40771484
74.302216 0.33148193
75.502388 0.20011902
75.478813 0.31507874
76.041786 0.14195251
76.180573 0.037597656
74.050415 0.14169312
75.230171 0.13078308
75.644028 0.29603577
74.251656 0.1265564
74.438515 0.054962158
74.714005 0.35105896
75.286774 0.16937256
74.91703 0.034042358
74.357895 0.12567139
75.310493 0.1769104
75.390594 0.49447632
74.916153 0.4737854
76.279243 0.26080322
76.982437 0.19894409
75.493561 0.37394714
75.745941 0.40988159
76.221153 0.36909485
76.671455 0.13600159
75.94503 0.1661377
77.449448 0.36077881
75.95047 0.4581604
77.268295 0.24726868
77.513458 0.32220459
77.59478 0.37916565
77.516411 0.19735718
76.825912 0.51516724
77.486069 0.33343506
76.875153 0.16229248
76.835609 0.30888367
77.744621 0.38371277
76.103409 0.14297485
77.205215 0.10797119
78.048431 0.1986084
77.438515 0.0029907227
77.649864 0.38168335
77.367104 0.29089355
78.571945 0.31233215
78.519073 0.00016784668
78.344307 0.60525513
78.959244 0.11590576
79.036308 0.3963623
78.686752 0.26878357
77.899063 0.19161987
77.504242 0.19728088
77.415718 0.2820282
77.927528 0.25418091
77.334282 0.3351593
78.036423 0.42030334
77.893341 0.24688721
78.658836 0.35803223
78.93351 0.29682922
79.920319 0.31744385
79.439407 0.42980957
80.043159 0.059249878
78.346474 0.12643433
78.901093 0.089172363
78.254486 0.0068511963
79.365143 0.28366089
79.467705 0.18539429
78.645905 0.55279541
79.317673 0.24816895
78.620689 0.15400696
79.754715 0.21426392
77.932457 0.15040588
79.226501 0.228302
79.70163 0.095031738
80.223595 0.49005127
79.566391 0.034210205
80.016174 0.33827209
81.321465 0.14503479
77.993263 0.14273071
78.216606 0.12896729
78.880096 0.024230957
78.936874 0.0020446777
78.834152 0.10623169
79.97403 0.0054779053
79.17025 0.01109314
79.792931 0.3256073
80.910454 0.25868225
79.857895 0.1386261
79.478676 0.019348145
79.035721 0.10751343
80.407776 0.3243103
79.707169 0.26283264
79.828072 0.19888306
80.272667 0.23695374
79.775101 0.1743927
79.180809 0.26763916
79.457657 0.002746582
80.131355 0.037200928
80.596367 0.21624756
79.144913 0.010971069
80.725121 0.13949585
80.688789 0.17495728
80.15107 0.32621765
81.498528 0.017959595
81.506569 0.042800903
82.143585 0.12091064
80.376656 0.41908264
80.035072 0.58369446
80.931664 0.14828491
81.873505 0.13206482
82.650078 0.03225708
82.020683 0.12037659
81.435898 0.080474854
82.225166 0.10606384
82.338165 0.22894287
82.936707 0.30578613
82.201462 0.05229187
82.213326 0.21856689
82.739777 0.060974121
82.694283 0.044403076
82.392265 0.029830933
82.101311 0.31137085
82.403 0.11186218
82.190132 0.054962158
82.513611 0.035873413
81.444359 0.12239075
83.700844 0.032470703
83.384438 0.0065612793
83.433434 0.20301819
82.445076 0.049545288
83.967255 0.067230225
84.144196 0.335495
83.765465 0.084777832
83.367325 0.092666626
82.701424 0.067871094
83.204674 0.33569336
84.627945 0.086105347
83.378082 0.077209473
82.797798 0.063659668
82.642944 0.11346436
83.61657 0.1709137
83.394981 0.35760498
83.932434 0.19342041
83.96476 0.24874878
83.250862 0.14942932
82.841339 0.39559937
83.956741 0.09866333
84.13839 0.03527832
83.957321 0.1661377
84.483864 0.26037598
84.253639 0.44464111
84.979889 0.10971069
85.247711 0.042480469
83.582275 0.12249756
85.297073 0.15736389
86.25927 0.20910645
84.883087 0.14268494
84.740753 0.31277466
83.472992 0.17851257
84.582375 0.37484741
83.960617 0.1340332
83.741287 0.15278625
84.858101 0.33044434
84.369835 0.3719635
84.271812 0.33717346
84.628929 0.48960876
85.145264 0.13327026
85.066742 0.27319336
86.380127 0.16087341
84.443497 0.14387512
84.639526 0.047836304
85.074364 0.20396423
84.728111 0.15496826
84.985664 0.1275177
85.791412 0.011657715
84.857216 0.30500793
85.470802 0.15641785
86.134514 0.36209106
86.770302 0.21211243
86.707458 0.29922485
85.571342 0.094207764
86.634674 0.2948761
85.534485 0.17366028
86.768997 0.11479187
86.472374 0.46131897
87.104004 0.11351013
86.842224 0.19473267
88.081551 0.16467285
87.363136 0.067123413
86.703773 0.060562134
86.078117 0.018585205
86.082687 0.02746582
86.886848 0.055023193
87.09375 0.14395142
87.211403 0.12916565
87.277664 0.43714905
88.571259 0.46350098
86.712479 0.39175415
87.946014 0.48034668
87.391182 0.079406738
86.067924 0.1587677
86.971199 0.14955139
87.855743 0.21160889
88.565201 0.34738159
87.231247 0.011550903
87.282806 0.071868896
88.751923 0.40156555
87.305443 0.38291931
88.268379 0.29229736
88.257774 0.07119751
88.574829 0.18449402
89.656708 0.22807312
87.099998 0.32872009
87.803757 0.27801514
88.624474 0.25868225
89.850716 0.18844604
89.198967 0.16629028
88.680916 0.16465759
89.504517 0.42233276
88.546913 0.41267395
87.140869 0.28286743
88.468719 0.067504883
88.051529 0.24659729
87.739143 0.32202148
88.924568 0.1449585
88.024536 0.48196411
88.522736 0.48928833
87.462631 0.50743103
88.707428 0.25361633
87.406868 0.39225769
89.635773 0.32885742
89.287247 0.2315979
88.086823 0.016784668
88.902596 0.17738342
88.366791 0.039840698
88.633232 0.032592773
89.157127 0.19441223
88.272034 0.38487244
88.606468 0.14324951
87.841949 0.26345825
88.93766 0.37875366
90.190109 0.4034729
89.736618 0.15031433
88.166595 0.10369873
88.813438 0.12599182
89.266548 0.16467285
88.937218 0.1340332
89.352692 0.26571655
89.467018 0.39421082
89.243385 0.13191223
88.748199 0.030700684
89.398285 0.36242676
88.776382 0.33799744
88.895042 0.24864197
89.013771 0.25978088
89.721497 0.41523743
88.141853 0.40534973
89.320435 0.12690735
88.759239 0.40037537
89.099609 0.64022827
89.173676 0.44006348
89.0392 0.18190002
89.229477 0.36572266
89.893303 0.22981262
89.787025 0.29888916
89.901459 0.25970459
88.783859 0.20428467
89.955254 0.14692688
90.230087 0.20773315
89.696472 0.5085144
90.057556 0.31175232
89.698845 0.14875793
90.284149 0.47923279
89.550255 0.31187439
90.199524 0.1043396
90.040314 0.23248291
89.07251 0.033981323
88.85302 0.2598114
88.399384 0.34283447
89.436913 0.037567139
90.058441 0.053955078
90.592552 0.17103577
90.169289 0.17944336
89.13028 0.069976807
89.819611 0.086532593
90.144081 0.2394104
90.003372 0.33586121
89.763908 0.28257751
89.984161 0.38586426
89.977798 0.28430176
90.7136 0.3289032
90.388252 0.16299438
89.559486 0.26173401
89.952034 0.078567505
89.052628 0.35290527
88.86895 0.16384888
88.520287 0.39430237
90.292389 0.16485596
90.219223 0.2580719
90.118301 0.1446228
89.285767 0.068069458
88.704407 0.080688477
89.023697 0.21734619
89.72036 0.1060791
90.566422 0.4332428
90.297302 0.30232239
90.111145 0.28549194
91.398018 0.13772583
91.326324 0.31945801
90.670128 0.25753784
90.798576 0.539505
90.307861 0.19950867
89.127022 0.2625885
90.616058 0.37861633
90.207565 0.56394958
91.096954 0.45330811
90.594284 0.427948
90.348984 0.19563293
90.986015 0.4786377
90.337486 0.328125
90.31559 0.23487854
91.0298 0.38800049
91.424927 0.42700195
90.545311 0.53820801
90.651939 0.32310486
90.568527 0.10256958
91.448074 0.33638
90.72084 0.62527466
89.865616 0.43817139
90.657089 0.39331055
90.606209 0.3477478
91.1464 0.53643799
91.314575 0.30540466
90.714752 0.36485291
91.273819 0.62960815
92.164825 0.37980652
91.305565 0.088287354
90.913506 0.34233093
91.463127 0.40406799
90.546219 0.19004822
92.074234 0.11560059
92.27317 0.21417236
91.898697 0.24139404
91.95636 0.21035767
91.99894 0.52694702
91.667458 0.62879944
90.769661 0.11985779
90.864594 0.42967224
90.634651 0.30635071
91.344444 0.25282288
91.648636 0.40159607
92.865898 0.44497681
91.953789 0.45747375
91.172821 0.2170105
91.532013 0.4132843
91.047508 0.093917847
92.043076 0.48095703
91.930374 0.40930176
91.651695 0.05519104
92.101318 0.16950989
91.158836 0.11785889
92.119118 0.16517639
92.997589 0.16960144
92.235886 0.18431091
91.398003 0.10719299
94.347961 0.30787659
93.680504 0.2517395
92.979805 0.23826599
93.901047 0.21153259
94.534554 0.33163452
93.672981 0.086212158
93.41024 0.20176697
93.713257 0.49290466
93.445374 0.093734741
94.044769 0.26449585
94.401215 0.15774536
93.657753 0.59805298
93.049484 0.2993927
94.309761 0.31845093
93.693314 0.50785828
94.677139 0.29370117
93.277138 0.13053894
95.274109 0.2525177
94.732025 0.24467468
93.721268 0.20858765
94.452461 0.022094727
94.433449 0.17643738
94.737129 0.13352966
95.235687 0.20970154
94.51104 0.15725708
94.714996 0.21685791
95.5811 0.11399841
95.723076 0.21095276
95.314468 0.4226532
95.060852 0.48353577
94.22525 0.08921814
95.174355 0.26359558
94.851288 0.12521362
95.717194 0.27276611
95.610718 0.15270996
94.861153 0.38879395
95.676826 0.38246155
95.977104 0.40406799
95.33535 0.1550293
95.037125 0.14944458
96.229088 0.41671753
95.391571 0.23017883
96.741821 0.40289307
96.622696 0.61491394
96.544853 0.55854797
95.947296 0.55021667
97.537888 0.45016479
96.389984 0.69735718
96.308998 0.43789673
96.526016 0.40953064
94.658607 0.17080688
95.717781 0.45310974
95.338097 0.62849426
98.097649 0.37171936
97.837852 0.46429443
96.828728 0.23600769
95.62381 0.71730042
96.807877 0.10038757
96.049622 0.092666626
97.329979 0.21228027
95.675751 0.12260437
96.156799 0.0809021
96.748589 0.23497009
96.701721 0.24145508
97.099884 0.16307068
98.350174 0.22779846
97.597946 0.35949707
98.131737 0.12538147
97.026932 0.32579041
97.598785 0.70118713
97.707352 0.32252502
97.816582 0.53457642
98.108124 0.33230591
97.778549 0.2668457
97.064926 0.026824951
97.754364 0.93641663
97.664536 0.80915833
97.386772 0.78056335
97.857437 0.77305603
97.221581 0.64509583
96.396484 0.62471008
98.443481 0.77835083
96.991539 0.64680481
97.768616 0.86209106
98.032166 0.92738342
99.170616 1.046051
97.882584 0.76885986
98.518219 0.99468994
98.879814 1.0604858
98.370453 0.88552856
97.953392 0.90678406
98.211502 1.0178986
97.8284 1.0095978
98.720207 0.73435974
98.331993 0.87458801
98.733086 1.117691
98.333618 0.88801575
99.203819 0.82092285
98.376938 0.75447083
97.767296 0.64529419
96.999489 0.68319702
97.778351 0.45491028
98.383125 0.74905396
98.386436 0.6758728
98.139862 0.59313965
98.336838 0.38751221
97.965675 0.93019104
98.201668 0.83532715
99.785439 0.49597168
98.027359 0.61036682
97.030777 0.47187805
98.54715 0.84356689
98.102097 0.95123291
99.528549 0.72796631
98.050262 0.88575745
99.144073 0.76333618
99.672813 1.1445923
98.893471 0.64445496
99.16288 0.82867432
99.209671 1.3021698
100.04516 1.1577148
98.185059 0.94487
99.092903 0.6907959
99.756317 1.0604401
99.232422 0.91532898
99.059784 0.86528015
98.720108 1.1159058
99.495064 0.93008423
99.717056 1.1441956
98.953094 1.0031586
99.409576 0.83978271
99.241463 1.043869
97.775604 0.98526001
99.55484 1.2459869
99.23317 0.77732849
98.660233 0.94798279
100.4612 1.0216522
99.969116 1.1532288
99.494896 1.2814636
98.956764 1.3983307
98.114357 0.73136902
100.619 1.1061707
100.12134 1.2942047
100.30592 0.86483765
99.66111 1.1215973
99.244675 0.77787781
99.999443 1.0157928
100.2613 1.0635986
99.47747 0.98448181
98.677521 0.7130127
100.01484 1.0046997
99.948616 0.72640991
100.20048 0.99475098
100.83389 1.250061
98.70929 1.2618866
99.396942 0.99090576
99.700874 1.12883
99.606552 0.90431213
99.907196 1.0731354
100.10532 0.9412384
100.56963 1.1986389
100.04434 1.2150574
99.963409 1.1337585
99.754807 1.1524963
99.038277 0.81962585
99.698456 1.1248322
100.14907 1.162735
100.82362 1.2310028
99.985863 0.98576355
99.754807 0.90318298
99.578743 1.0468292
99.702576 1.0554199
101.22735 0.88865662
100.46153 1.0583649
101.17503 1.016861
100.47922 0.86082458
99.922066 1.1179657
100.36992 1.1109161
101.32732 0.99821472
100.57722 0.97035217
100.46054 0.77288818
100.12038 0.98603821
99.437973 1.1470337
102.06237 0.89489746
101.49179 1.1738129
100.9932 1.0908051
101.22507 1.1108398
99.950638 1.1156311
99.392776 1.0738373
100.05196 1.1450653
99.994835 1.1143188
100.75828 1.4429626
100.99839 1.1581879
100.91708 1.1718903
100.7355 0.83692932
101.63162 0.96038818
99.96978 1.1016846
101.89297 0.94789124
101.55969 1.2802582
102.33111 1.2131805
101.08899 1.1846008
101.99487 1.0568695
100.68942 1.1900787
101.89632 1.1341553
101.91741 1.1783295
102.99043 1.1390991
101.61986 1.2095337
101.59743 1.1423645
103.1204 1.4688568
102.30905 1.1881104
102.05398 1.4667358
102.52926 1.2238159
103.50637 1.5536957
102.67809 1.2986145
102.86331 1.479187
102.0123 0.94911194
102.43192 1.2975464
103.02267 1.1319733
102.97698 1.3550873
104.58858 1.1811218
104.20232 1.1328125
104.5938 1.162735
104.23976 0.91645813
103.62167 1.0379028
104.22649 1.3546295
102.60716 0.9650116
103.0781 1.0618439
103.55859 0.96958923
102.78699 1.3125458
103.08723 1.2422943
103.30492 1.1699066
102.71812 0.95245361
103.81583 1.0890656
103.41029 1.1100922
104.27652 1.152832
103.97259 1.2171173
103.71374 1.1214752
103.06477 1.1252594
103.4729 1.4106445
103.89571 1.0903015
102.66414 1.2037354
102.83199 1.0939026
104.67949 1.1494446
103.84276 1.2901154
103.45745 1.1760559
103.86465 1.3082428
102.88585 1.5092468
103.62856 1.5968628
104.04813 1.2216339
103.34185 1.0010376
103.36179 0.97824097
103.50922 1.4080963
102.82317 1.2674103
103.66211 1.2046356
103.42617 1.2328796
103.59131 0.96247864
103.4784 1.0466003
103.33383 1.311615
104.92033 1.1183929
104.7731 1.2853088
104.55685 1.1033325
104.9474 1.0157776
104.76223 1.0172882
103.57253 1.0078735
103.97079 1.1754303
102.99539 1.0074005
101.70426 0.91706848
103.16917 1.2862244
103.34753 1.1598358
104.7884 1.256134
104.34982 1.2864838
104.68069 1.4154358
103.96506 1.1528931
105.82021 1.1256104
104.87251 1.2920227
105.03764 0.95115662
105.04777 1.3486481
104.79108 1.3935852
104.57039 1.121994
104.58431 1.1687622
104.16012 1.1645203
104.69984 1.2753296
104.47968 1.1444244
105.43305 1.0675659
104.07476 1.3390503
105.34103 1.2515717
105.07522 1.2355957
104.23776 1.1286774
104.04421 1.3056793
104.11435 1.4866028
104.49462 1.4363403
105.37656 0.98887634
104.75698 1.3115387
105.04565 1.2956543
105.24574 1.103241
105.97574 1.0986481
104.5263 0.96298218
104.73674 1.0180054
104.59132 1.2056122
104.67029 0.98840332
104.49736 1.0132599
105.20957 1.2762604
105.94473 1.270752
106.08283 1.0437317
105.94975 1.3025208
104.8406 1.0539398
106.05989 0.86880493
106.25767 1.1516113
106.57559 1.0745087
107.39559 1.2482147
105.87409 1.1806335
105.92997 0.89129639
106.32398 0.68081665
106.66134 1.1740112
105.30902 1.0029602
104.78544 1.045578
105.30875 1.3630371
105.48646 1.0081482
105.4984 1.156311
106.79526 1.1341553
106.51953 1.2880707
105.6693 1.0924072
105.57214 1.0891571
106.00565 1.3622894
105.75358 1.2631531
106.70865 1.353241
106.02762 1.3093109
105.56564 1.2088013
105.61395 1.1068115
105.478 1.0902252
105.82616 1.1702118
106.23702 1.0844269
106.49124 1.0401917
106.39381 1.4098816
107.43076 1.0502014
107.74686 0.97291565
108.42076 0.95558167
107.03529 0.88742065
105.41833 1.2734833
106.86107 1.1570282
107.30032 1.0916138
106.75469 1.2548676
106.4178 1.0691986
106.43065 1.2000885
105.56644 1.296814
107.12393 1.236618
107.95238 0.87771606
107.16806 0.96261597
106.29375 1.2420349
107.79301 1.1965332
107.65222 1.3130951
108.09173 1.0357819
106.66722 1.0742645
107.0601 1.0575867
108.62351 1.361145
107.95442 1.0680389
107.20882 1.0460968
107.13159 1.0527191
106.67664 1.197876
108.71267 0.92832947
107.97018 1.138855
108.23441 1.1534576
107.51078 1.0751495
106.73279 1.1282501
107.34646 1.1685791
107.82612 1.4178925
108.12029 1.1495056
108.6367 1.0623779
108.64019 1.1459045
108.66956 1.4011078
107.74979 1.0389557
109.20172 1.3044434
108.53495 0.89759827
108.20609 0.91278076
107.07648 0.82577515
106.86973 1.1848907
107.94568 1.3681946
108.34713 1.4479675
107.97822 1.4346313
107.64935 1.1895142
108.17381 1.291626
108.29625 1.3404388
107.49298 0.98669434
107.12973 1.2604675
107.74254 0.99794006
108.53787 1.4982758
108.99799 1.1867828
109.0388 1.2763367
107.60882 1.1969757
108.72765 0.99984741
109.42014 1.144455
110.14465 1.1054688
108.44608 1.0881805
109.40857 0.85646057
108.90232 1.342926
109.18219 1.3398895
109.48087 1.1588593
109.53436 0.94378662
108.39188 1.2197876
109.55302 1.1987
109.71605 1.0496216
109.83945 1.3631287
109.78982 1.219574
109.85293 1.1974792
110.20243 0.92643738
109.25327 1.1512909
109.44543 1.2250519
109.41201 1.2917938
109.22877 1.1073608
109.23141 1.1729431
109.90827 1.1734314
110.05897 1.2255707
110.37188 1.0781097
110.41967 1.0942841
110.5955 0.98432922
110.53946 1.1001587
110.33473 0.95474243
109.71777 0.77557373
110.2497 1.1239777
110.37169 1.1229248
110.31258 1.2054749
110.01944 1.1844177
110.51635 1.3544617
110.95684 1.2783051
110.76884 1.2398529
110.29845 0.87582397
110.27607 1.1134644
110.85409 1.1333466
110.47318 1.1759949
110.97543 0.84320068
112.03995 1.3085938
110.54092 1.2968597
111.0738 1.4195251
110.97271 0.85157776
111.39406 0.9618988
110.789 1.0442963
112.16926 1.2898865
110.36291 1.0822144
111.40691 1.4409027
111.04145 1.2672272
112.1274 1.5298309
111.28796 1.2153473
112.74997 1.2149963
112.41493 1.6064606
112.05424 1.3794098
111.89861 1.058075
110.71361 1.2292786
112.48236 1.2155609
112.13461 1.3521576
114.1254 1.6150818
112.56743 1.4343262
112.73467 1.4933624
112.90932 1.2072144
111.87634 1.3986206
111.68858 1.3255157
112.06236 0.93733215
112.8644 1.421051
112.64999 1.2555847
112.69913 1.0743408
113.01076 1.3600922
112.73854 1.3300018
112.56076 1.2531586
112.94813 0.94197083
113.25892 1.290329
112.71931 1.2214355
111.80563 1.3613739
112.55244 1.1910858
111.99149 1.4727783
113.4763 1.5527802
112.85506 1.2947693
112.0803 1.2474976
112.52844 1.4320831
114.18037 1.4234314
112.81672 1.1408386
113.08344 1.5339355
112.43051 1.6269684
113.7341 1.1581573
113.15222 1.8359833
113.74934 1.357254
112.95015 1.0525513
113.66385 1.1209412
113.82034 1.1177368
112.85906 1.2367249
114.31444 1.0617828
113.09339 1.0761871
113.33011 0.81768799
113.82407 1.0338287
113.18708 1.0485535
113.33851 1.0082092
113.18658 1.1957092
113.08929 0.96807861
113.86729 1.2789612
113.34787 1.098114
113.36996 0.90942383
113.83564 1.2997742
113.3228 1.2265167
113.52563 1.5437927
113.76128 1.0790253
113.58607 0.95068359
113.79185 0.76506042
113.43752 1.0061951
113.51212 0.99278259
112.61439 0.73731995
114.24788 1.069809
112.85355 0.98773193
113.84078 0.99674988
113.97988 0.79301453
112.73616 0.83732605
114.29019 0.89179993
113.84695 0.77185059
113.71468 1.0858154
114.46982 1.1704712
115.0066 0.79704285
113.69596 1.0715179
114.20489 1.0317993
113.56036 1.0236053
113.37395 1.3009491
114.23923 1.5499878
113.42374 1.2940369
114.19932 1.0614929
114.5066 1.1349182
114.41574 0.97305298
114.25609 1.0859375
114.43085 0.85708618
114.13998 0.89459229
115.46075 1.3557892
114.94321 1.2828827
115.25643 1.1222687
115.45786 1.1362762
114.34537 1.243454
114.42133 1.0705414
114.32851 0.92660522
115.41434 0.75447083
115.56515 0.91448975
115.55668 1.0785522
115.06676 1.0175171
114.63721 1.0443573
115.47179 1.206192
114.52505 1.3389435
114.68707 0.90150452
115.01826 1.3417969
114.94972 1.2617798
115.31233 1.0430603
115.94863 1.0142365
115.77393 1.1083221
114.80843 1.0605927
116.20272 1.7928009
114.48605 0.89370728
114.99986 1.2335968
115.15088 1.0525665
115.38484 0.96722412
114.43466 1.0666199
115.26658 1.160202
114.21781 0.73358154
115.35216 0.96961975
114.84415 1.229126
115.50859 1.3628387
115.17387 1.2849884
116.13281 0.96411133
115.46111 1.1465759
116.3684 0.94671631
115.58827 1.5897217
115.95978 1.374588
115.66742 1.2266235
115.48179 1.0564117
116.09218 1.0075836
115.97847 1.3350525
115.36926 1.0092163
115.4923 1.1450806
116.1082 0.88764954
116.09308 1.2837982
115.27676 1.3529358
115.96436 1.2524872
115.43132 1.1229248
116.43476 1.259079
116.19144 0.9115448
117.05079 1.1109924
116.91367 1.2310791
117.03852 1.0881653
117.11688 1.2848206
117.05347 1.1778412
116.11944 1.3008728
115.92054 1.0665588
116.97475 1.5177612
117.21668 1.6537476
115.73129 1.390274
116.31777 1.3295593
116.33829 1.070694
117.01244 1.4320984
116.27811 1.7184753
115.98856 1.4444122
116.98621 1.1481018
116.39972 1.4135742
116.93742 1.3980408
117.2709 1.2488403
116.88201 1.4192047
117.45633 1.0892639
115.98469 1.5379028
116.97504 1.4338226
116.73934 1.4438629
116.84482 1.6581421
116.30156 1.2288361
116.65218 1.3331604
117.5463 1.0776367
117.19693 1.3486176
117.01319 1.6780701
116.40579 1.3978577
116.29163 1.6388855
116.50388 1.2159576
118.15707 1.3519897
117.45098 1.3109741
117.52483 1.482193
118.74918 1.5139313
117.55386 1.4879456
117.11954 1.4015503
118.36914 1.4607086
118.2912 1.4295349
117.67548 1.3833618
116.59638 1.5982666
117.95727 1.3051453
117.89711 1.5760651
117.51194 1.6397247
117.19118 1.4771118
117.3992 1.6336823
116.98623 1.4585266
117.35297 1.3981171
117.34357 1.5931702
116.96533 1.5031128
117.71138 1.5816956
118.3857 1.8695831
118.1246 1.3879242
118.16719 1.5696869
117.49224 1.5261078
117.4194 1.5307465
117.74345 1.16745
117.66357 1.5279694
117.83066 1.4572449
117.59928 1.5586548
116.99422 1.8590546
117.52604 1.8118439
118.25209 1.4342499
119.00623 1.7103271
117.6334 1.6756744
119.0451 1.5932007
118.12098 1.5710144
117.94949 1.511261
117.86288 1.7176819
117.82021 1.5250549
119.19472 1.532486
119.12551 1.6362
117.82099 1.5077362
118.25456 1.7790527
118.25786 2.0102997
118.0952 1.9880371
118.60457 1.6512909
118.36153 1.8046722
118.15057 1.7001648
118.46127 1.5684204
118.53532 1.4709167
118.67985 1.5858765
118.78609 1.7553558
118.96719 1.5133514
118.73735 1.6617889
119.09431 1.6622162
118.39053 1.6991119
118.31633 1.658905
118.72196 1.5257874
118.59512 1.6697998
118.52567 1.7807312
118.72198 1.4826508
119.00955 1.6136017
118.54285 1.4638824
119.17126 1.5109863
117.778 1.7071381
119.14226 1.7654419
119.12157 1.7247009
118.23315 1.436676
119.4624 1.6552887
118.10999 1.3707733
118.9906 1.1839752
119.04163 1.3588104
119.37027 1.6533813
118.07832 1.1156158
118.42302 1.5462646
119.23877 1.4959412
118.70825 1.4714813
117.90211 1.4932556
119.16139 1.664566
118.55351 1.5986633
118.48478 1.7142334
119.6049 1.5312958
117.75121 1.4857635
118.7086 1.6597137
118.73621 1.5739441
118.78581 1.3186493
120.12203 1.7680664
119.72769 1.7513428
119.81499 1.1687927
119.14788 1.2232056
118.94688 1.3594971
119.28511 1.3814087
118.75417 1.4585876
119.67393 1.3415222
119.10557 1.7900696
119.35849 1.1490021
118.59152 1.7142181
119.90849 1.4541321
119.75944 1.6577148
120.45187 1.7032471
119.89626 1.6589203
120.73861 1.8206787
120.78096 1.3712616
120.6302 1.6020508
120.22997 1.6707001
119.30979 1.7425537
120.12185 1.7490997
120.22135 1.9731445
120.47781 1.6875153
120.20198 1.8491516
120.38834 1.980423
120.06619 1.3658447
119.35758 1.3899994
120.40063 1.5395508
120.56135 1.4970856
121.13702 1.3515625
121.422 1.5234222
120.76748 1.6856384
120.31308 1.1932983
120.84752 1.6324615
121.18743 1.6275635
122.33705 1.8206482
123.06276 1.5928497
121.87466 1.4026031
122.14266 1.8800201
122.63721 1.6164398
121.95598 1.5270538
120.86796 1.8171082
122.84303 1.3910217
122.83237 1.5823212
121.92083 1.9122162
122.22817 1.5247803
123.86138 1.8902435
124.10521 1.5335846
123.73894 1.779068
123.83827 1.7145538
123.15359 1.8360596
123.80912 1.3876801
124.03027 1.7707977
124.45372 1.7957001
123.93649 1.6785126
125.0517 1.8624268
124.38795 1.4197998
123.383 1.6775513
123.8501 1.6569672
125.12167 1.5941772
124.61526 1.5160675
125.40171 1.5723572
124.38156 1.7374878
124.9992 1.6268768
124.25289 1.7299194
125.41103 2.2014465
124.84618 1.6399689
125.47275 1.7408905
126.14481 1.5235443
125.43283 1.4439697
123.28466 1.6582489
124.46108 1.8998718
123.89448 1.8272705
124.07536 1.9683685
125.49727 1.8106079
125.09522 1.6828156
124.11023 1.4529419
124.70351 1.4951935
124.66599 1.6548309
124.53743 1.7393799
124.92128 1.6055298
125.65662 1.4479218
124.79781 1.6038513
124.85673 1.3294525
125.43303 1.6764069
125.94667 1.4867706
125.09794 1.4736481
125.1748 1.3614502
125.75998 1.8154907
125.32786 1.6321564
126.19987 1.7156677
125.38539 1.6195068
124.4447 1.436676
125.65607 1.553299
125.78043 1.4509888
124.60584 1.6892242
126.35052 1.3091278
127.0321 1.5236664
126.09396 1.3505402
125.30788 1.4629364
124.5836 1.4711609
124.93442 1.5757599
126.65604 1.4269562
126.88097 1.5342102
126.05161 1.5614166
125.82026 1.5265503
125.16103 1.4750671
127.59078 1.5254974
125.25024 1.5323181
125.92353 1.4814758
128.09918 1.7520447
125.34116 1.5295715
125.72424 1.3664398
126.56253 1.6594849
125.63305 1.4592438
126.88758 1.690155
127.43521 1.7852783
125.85867 1.3545227
126.86227 1.3300171
126.58348 1.4303131
127.40495 1.6250458
125.93498 1.4259949
126.93454 1.5296936
126.5974 1.3943787
127.64345 1.2944336
126.29084 1.1912842
126.6171 1.4521027
127.01318 1.7373352
126.78542 1.6034698
127.32464 1.6706543
126.79749 1.4961548
126.43768 1.2129364
125.99635 1.4632874
126.86703 1.5016174
126.44501 1.4454651
126.87595 1.267868
126.74323 1.5577393
126.85463 1.555481
126.67445 1.8202972
127.5829 1.3814087
128.34197 1.554306
127.31583 1.4033051
128.31313 1.6930237
127.56058 1.8078461
126.39194 1.7488098
127.74335 1.7192993
128.8964 1.6571808
126.93099 1.7228088
128.30003 1.1567383
126.79721 1.3950195
128.45122 1.4682922
127.61128 1.594574
127.38592 1.5585938
128.10771 1.7492676
127.88456 1.3441925
127.85823 1.4194031
128.10674 1.4715729
127.84741 1.0822449
128.53102 1.5562592
128.21219 1.6108856
127.00611 1.5542908
128.98511 1.7759247
128.46812 1.6424561
128.56989 1.6017456
128.87483 1.3625488
128.5496 1.2743683
128.73743 1.0010986
129.28396 1.5822449
128.77182 1.1050262
128.51738 1.7696228
129.24333 1.4343719
129.33562 1.4576569
127.28483 1.3805695
128.20776 1.3819733
129.61247 1.5027771
129.07829 1.582489
128.48085 1.7070923
130.04243 1.7638245
129.07909 1.7720184
129.39392 1.5100861
129.78349 1.6000061
130.19514 1.7962494
128.5671 1.8169403
128.7339 1.895401
129.83324 1.6465759
128.64328 1.5166626
129.79853 1.5631256
129.60169 1.556488
129.54378 1.7498932
130.16425 1.3637848
129.52612 1.9530029
130.31401 1.4746094
129.22991 1.5426483
129.36971 1.5879364
128.75563 1.721817
129.27376 1.853241
128.43085 1.8563538
128.74838 1.6991119
129.1729 1.4432373
129.94841 1.4713745
129.73655 1.673172
129.24777 1.4819031
130.32351 1.5027771
128.8626 1.4410858
129.34415 1.7318573
129.78418 2.0950317
129.31438 1.7389526
130.94105 1.659317
130.3019 1.7332611
130.30804 1.9493866
128.7327 1.8365479
130.49693 1.7439728
129.51144 1.9316864
130.4196 1.7363434
129.73212 1.7278442
130.6608 2.0065308
129.95738 1.7544556
130.51033 1.8510132
131.28567 1.6285706
130.10746 2.013382
129.17123 1.9497833
130.00578 1.6306915
130.97595 1.579834
131.03722 1.7601013
130.70809 1.7407227
131.35862 1.6619415
130.23981 1.3737488
129.89475 1.5932617
130.27599 1.905365
129.6307 1.6018829
130.14796 1.6216583
130.5291 1.7154083
130.72231 1.5337524
129.82579 1.7406769
130.24211 1.547699
129.94114 1.8361664
130.75468 1.3834229
131.47262 1.770462
131.81998 1.6792297
130.03852 1.4655609
132.16129 1.5833282
130.71006 1.9108124
130.56637 1.6849823
130.38395 1.8029175
130.26154 1.7557983
131.63874 1.5138245
131.23996 1.4052582
132.61456 1.2835693
132.08358 1.8082733
131.01845 1.7369843
131.1213 1.4302216
132.64663 1.689682
132.09364 1.4032135
132.0176 1.2458038
132.1898 1.748703
131.50657 1.6440277
132.36717 1.8370667
131.25842 1.7533875
131.17493 1.676651
131.51033 1.5431213
131.48092 1.4839935
131.72841 1.4227448
131.90704 1.7407379
131.76502 1.6974335
132.25971 1.5832672
131.89321 1.6055603
131.36506 1.4310303
132.92732 1.771698
132.24023 1.5813751
132.2016 1.4986725
133.25713 1.6335449
132.78778 1.5350494
131.21031 1.5198517
131.28447 1.6761017
130.4129 1.670929
132.24263 1.9187927
131.82287 1.840332
132.05178 1.5315857
131.92735 1.8839874
131.55077 1.7770081
132.90717 1.550293
132.32101 1.6547852
133.60965 1.5195465
133.65313 1.8261108
132.84444 1.727356
133.00785 1.7478943
132.73632 1.2155151
133.05383 1.4087982
133.79124 1.4285736
132.90247 1.6876831
133.38624 1.5997772
131.77467 1.2386017
132.58263 1.6628113
132.77192 1.8265533
132.63896 1.7684021
132.2249 1.6363068
133.06274 1.7212372
133.4386 1.7595825
133.37136 1.8248138
132.73977 1.7559204
132.87935 1.8567352
132.92716 1.7144928
132.40426 1.407547
133.30431 1.6015167
132.3853 1.8447418
133.07498 1.4558411
133.34759 1.6353607
133.22358 1.641571
133.83657 2.0379944
133.65313 1.6138153
134.28471 1.8439331
134.21395 1.9632111
133.71947 1.7558136
133.29408 1.6520691
133.65595 1.6374817
132.1245 1.9160004
132.79085 1.9096985
134.01012 1.589325
134.60714 1.7606049
134.47838 1.439743
133.73447 1.576355
133.54166 1.8937531
133.38623 1.5129395
134.69063 1.6965485
134.52829 1.6306458
134.38634 1.5544586
134.80254 1.7817535
135.26524 1.7712402
134.09062 1.746994
134.58752 1.6386261
133.81837 1.7694244
134.07267 1.561203
134.28285 1.5909729
134.7348 1.6469116
134.41197 1.68573
134.97406 1.3648834
134.34147 1.6039429
134.61668 1.7729187
135.0179 1.6192474
134.11998 1.6369324
134.45816 1.7608795
135.32197 1.64151
135.18455 1.7058563
134.13891 1.5196533
134.12367 1.6868134
134.03176 1.6864471
134.93104 1.5741119
135.01605 1.7772675
135.47879 1.7879791
133.76736 1.5287781
134.55991 1.6936951
134.8599 1.7884521
134.72256 1.8537445
135.82621 1.8159027
136.12587 1.883194
134.86674 1.5613708
134.55128 1.4561768
135.84061 1.7202911
135.60617 1.6923981
135.72775 1.9701843
133.72664 2.1195221
134.44353 1.8114929
135.32454 1.9276886
135.10395 1.7944336
135.18124 1.9999847
135.59578 1.7036896
135.00069 1.7647095
134.64722 1.484436
133.75237 2.0692444
135.01272 2.1751251
134.3119 1.7020721
134.13432 2.108139
135.08593 1.7770538
135.18223 1.7575836
133.96867 2.1099243
133.61597 1.7141724
134.88471 1.8665771
134.48538 1.7557831
134.51097 1.879837
135.24047 1.9453583
134.77091 1.8565216
135.12109 1.8003693
134.32318 1.9976349
134.34059 1.9461975
134.50331 2.2296295
136.28707 1.9597626
135.10513 1.9489288
134.22803 1.8227234
135.825 1.8695679
135.63305 1.8218079
134.41061 1.6503754
134.01697 1.719635
133.90874 1.9088745
134.28655 1.5075836
134.72562 1.7835693
134.32897 1.9019928
134.57851 2.1833801
134.93916 2.1343231
136.04259 2.0149536
135.39085 1.7993317
134.82585 1.7625122
135.32198 1.7451324
135.16753 1.790741
135.15239 1.7265015
136.31126 1.9130096
136.4015 1.3388519
135.10598 1.6124268
136.74178 1.6851959
136.03957 1.8056183
135.7543 2.0503998
135.90044 2.0000458
136.34366 1.6422272
135.35793 2.0221405
135.31491 1.669754
135.69103 1.7755737
136.33815 1.8852234
135.64286 1.91008
136.07284 1.5983734
135.3045 1.5933533
135.96704 1.5063629
136.04143 1.32164
135.06092 1.5702515
135.62562 1.582016
135.49044 1.443634
136.101 1.6407318
136.77303 1.793808
135.97219 1.4552917
136.17359 1.7458496
136.42418 1.5375671
137.02769 1.39711
135.74454 1.51651
136.32641 1.75737
135.77942 1.6116486
136.27272 1.8032379
135.65329 1.4118195
136.54808 1.3481598
136.16603 1.6251526
136.90702 1.654892
137.11242 1.769043
136.2375 1.5889587
136.45583 1.3892975
136.43074 1.4421692
137.29446 1.569458
136.45348 1.7569275
136.36743 1.7428589
137.26388 2.2328033
136.49027 1.5834808
136.48037 1.7693481
137.06551 1.6669159
137.07821 1.7124481
137.39294 1.9060974
136.44576 1.4974823
136.24243 1.4734497
136.41587 1.6098633
136.21483 1.8516693
136.01032 1.6473236
136.18098 1.6990051
137.0453 1.7481689
135.84891 1.7467499
137.04387 1.882431
137.20549 1.7549133
136.93903 1.7477722
137.94497 1.5244446
136.81289 1.4808502
136.6154 2.0111694
136.91476 1.7522888
137.45288 1.6471863
136.98251 1.7573242
136.20432 1.7390747
136.54343 1.9054565
137.675 1.8185883
137.48204 1.6261139
136.78736 1.7503204
137.67475 1.78508
138.11133 1.7483063
137.11506 1.6695251
136.80449 2.0377045
138.26625 1.6642151
137.93432 1.6016235
137.62388 1.4947968
137.19896 1.8863831
137.94359 1.7746735
137.76756 1.5697327
137.29031 1.6162872
137.42017 1.8098907
138.94492 1.6287231
138.7755 1.4519348
138.11336 1.6991577
137.25266 1.8446503
138.31248 1.461441
138.70024 1.9739227
138.324 1.9902191
138.08771 1.7384644
137.94102 1.691452
138.42528 1.7210846
138.93056 1.9356995
137.62497 1.7796783
137.75015 1.8707428
138.04166 1.7566376
137.97306 1.6003876
138.47231 1.726944
138.29905 1.9356537
138.05791 1.7783813
139.12231 1.7467499
138.91524 1.7668915
138.22944 1.7642365
138.93172 1.6786804
137.76772 1.7234802
138.90714 1.5702362
137.85982 1.6066284
139.13488 1.599823
138.19928 1.7731018
138.63591 1.5637054
138.00322 1.5262604
137.27812 1.4338684
138.21142 1.8408356
138.86862 1.6112823
138.35585 1.6484985
138.21636 1.4781799
137.66871 1.7964325
137.84641 1.7380066
137.46274 1.519455
139.52004 1.4826813
138.478 1.9208221
139.8685 1.8029938
139.81668 1.8159027
138.51345 2.0446014
139.58614 1.9884338
138.41121 1.7397308
139.99231 1.8503876
139.58886 1.6213074
138.95748 1.5250549
139.09834 1.55336
139.20017 1.9668121
138.7847 1.7411194
139.06657 1.769516
139.54718 1.7652435
141.05442 1.6183167
140.81404 1.6797943
139.74388 1.7425079
139.48737 1.8339386
139.96512 1.9511871
140.56133 1.6409912
140.99562 1.5802307
140.43137 1.8608093
139.27771 1.9765625
140.92551 2.0312347
140.77521 1.9916992
141.59003 1.9781952
140.37378 1.8284912
140.32265 1.8301392
141.31895 1.5409546
140.97234 1.6499329
141.44083 1.8044434
142.20013 1.6560211
141.9258 2.0816193
141.81362 1.6857605
141.89416 1.6012421
140.18305 1.6452484
140.49499 2.003891
140.76134 1.8586578
140.61514 1.9293518
141.09932 1.8498993
141.46399 1.7680359
140.18054 1.5583038
141.77946 1.8872681
141.45947 1.4804077
141.31173 1.7058716
142.65599 1.696106
141.31974 2.1777344
143.35641 1.779129
142.36263 1.9062653
142.67951 1.7418976
143.02478 1.729187
142.79063 1.5126038
143.68079 1.6753387
144.00437 1.7496796
145.44903 1.8262939
144.80743 1.5986176
144.71165 1.7123413
145.57165 1.7946777
144.90698 1.9488983
145.44167 1.9373169
145.21594 2.0074921
145.51776 1.8006592
145.54387 1.7497559
144.62465 2.0074005
145.68024 1.7892914
145.21456 1.984024
145.09604 1.8436737
145.39001 1.7094727
144.8681 1.9029999
144.35305 1.6851349
146.37093 1.8812561
145.52754 1.756485
145.52002 1.9820251
145.60065 1.451355
144.83437 1.6069336
145.03204 1.8006592
145.01523 1.934494
144.64169 1.5961609
144.88568 1.6138458
145.78667 1.9740906
146.57555 1.5780182
144.80468 1.7444611
145.87157 1.6707458
145.82543 1.9417267
145.70235 1.8490295
145.52343 1.7775269
146.85604 1.6373901
144.75957 1.8551941
145.25208 1.9370117
144.43811 1.5931854
145.74023 1.5332031
146.1812 1.8250885
145.53346 1.4989166
145.63102 1.9740448
147.11221 1.5219727
146.77955 1.5748138
146.68678 1.9320374
145.85959 2.0045776
146.41631 1.7219849
147.2028 1.3757782
146.11217 1.8708191
146.09637 1.6181183
147.94366 1.586731
147.64862 1.3919678
147.54921 1.4199371
145.99968 1.642746
147.37649 1.5112
145.74293 1.4429169
144.7589 1.6059113
146.91206 1.1463318
147.82406 1.6527252
148.46913 1.4263153
146.85332 1.7770691
146.99564 1.6830902
146.94038 1.3726654
146.17842 1.2713165
147.16943 1.8081512
146.69847 1.7581482
147.91921 1.7392273
147.48118 1.8217468
149.14623 1.0795746
147.81352 1.6829376
147.1931 1.4931946
147.15485 1.6384277
148.07985 1.3926849
147.70298 1.9175873
146.88889 1.6678467
148.12612 1.4463043
148.92596 1.3734436
147.27014 1.5979919
147.06688 1.6108093
145.80118 1.6796417
146.37185 1.965744
147.95047 1.6310425
148.64165 1.8769073
148.80357 1.4925232
147.53313 1.7442474
148.03509 1.4579163
147.13177 1.6046143
147.77022 1.4923096
147.2585 1.3779144
147.66892 1.3781128
148.70357 1.9170837
146.93199 1.7782288
148.3297 1.770401
149.22187 1.4994354
149.16151 1.5511627
148.67703 1.8403778
148.31908 1.8439636
147.52502 1.7457733
148.11087 1.5260162
147.54158 1.4414673
148.83578 1.7824097
148.90446 1.673645
147.08746 1.6287842
148.51024 1.8336945
147.91544 1.7890625
148.46807 1.7354889
149.61214 1.6027222
148.63023 1.7780457
148.94392 2.0051727
148.82506 1.646759
149.4517 1.5314636
147.94002 1.4325256
148.91751 1.5167847
148.51687 1.8968048
149.38222 1.763443
148.44688 1.637207
148.65947 1.5002594
149.62817 1.5573578
149.22993 1.8171234
149.87819 1.5831604
149.21333 1.9930115
148.87329 1.0319672
148.46103 1.8411865
148.36537 1.5555115
148.59414 1.377655
149.38662 1.592926
150.79469 1.8039551
149.68203 1.7458496
149.59771 1.3891296
149.56029 1.3881073
150.25409 1.5460815
149.18757 1.6940918
150.03914 1.5789948
147.99892 1.557251
148.97154 1.7404022
148.01267 1.4217987
149.61596 1.4875488
149.01033 1.2445679
150.36473 1.522995
149.717 1.5908813
150.58061 2.0510712
150.33956 2.0046692
150.00396 1.6630402
149.25417 1.8085327
150.0988 1.7075348
149.77785 1.6176147
150.08841 1.847641
149.49529 1.6409454
149.55052 1.7637329
149.48192 1.6119995
149.56653 1.9647217
149.34648 2.1837158
149.19566 1.7599945
150.28587 2.0141602
149.48405 1.8995667
150.15232 1.6296234
149.35501 1.5838776
150.12657 1.8122711
150.66795 2.0793915
149.587 1.6741486
149.53351 1.7817841
149.85798 1.6973724
150.72227 1.3382568
150.8521 1.7498932
150.43988 1.8262329
149.7375 1.8901367
149.23909 1.7626648
149.58656 1.5241089
150.22862 1.5742798
149.88261 2.1230469
149.51293 2.2554016
149.55439 2.1788483
149.82943 2.1428375
150.19091 2.226944
149.67086 2.0264282
150.2493 1.9468536
150.15689 1.9959106
150.9894 2.1687622
150.64143 1.7930908
150.80676 1.8249359
151.95766 2.0642395
150.73479 1.7373657
150.57211 1.9382324
150.57745 2.1107178
151.29616 2.2537537
150.72548 1.9149017
150.11471 1.9761658
150.70984 2.291626
151.18381 1.9996796
152.02985 1.899826
151.01905 2.1395569
151.91159 2.1585693
151.06883 2.0267334
151.02222 1.9958496
150.51109 2.377182
151.31067 2.2462463
151.2961 2.2209625
151.37345 2.1549225
151.25233 1.9278259
151.15493 2.082077
149.63275 2.1878815
151.05011 1.8536835
150.16344 1.9702148
151.38105 2.0463562
150.73695 2.2056885
151.52294 1.9881134
150.3595 1.9141693
151.3722 1.9488983
151.86427 1.8342438
151.80736 2.1518555
151.53081 2.0493317
150.69609 2.026886
151.93974 2.0292358
151.96628 2.0404053
151.77588 2.0399628
151.95825 1.8925018
151.86015 2.243988
150.94455 2.1015778
151.90821 1.9922943
151.21825 1.9525604
151.17669 2.2151794
151.25196 2.0158844
152.6801 1.8767242
152.43152 2.0810852
152.18045 1.9042969
151.09943 2.1368103
152.31482 1.9528961
152.26692 1.7146301
152.16633 2.1979218
151.59367 2.2342987
152.33488 1.9336548
152.80169 2.0453491
151.26992 1.7501068
150.95359 1.9740601
151.7539 1.3482819
151.68741 1.7945099
151.26362 1.7763824
152.17446 1.7741699
152.68188 1.8582458
152.24656 1.8165894
152.13411 1.8959808
152.92506 1.8495026
152.78386 1.6034393
151.14342 1.7098236
151.80101 1.9937286
151.55417 2.1088257
151.28748 2.0501099
152.01088 2.0834198
151.9864 1.8362579
151.79618 1.3974915
152.30385 1.9186401
152.07611 2.0262299
152.09043 1.7726593
153.15378 1.9116516
152.01781 1.9319
151.80131 1.6222534
153.22593 2.0086975
153.22022 1.9820404
152.48308 1.9358368
151.60442 1.9912415
151.88765 2.0200348
152.00077 2.0192871
152.4945 1.966217
153.38446 2.2333527
152.9554 2.2127228
152.96564 1.9245605
153.80016 2.2363892
152.69844 1.941391
152.59972 2.0225372
151.82911 2.0792847
152.33384 2.1888733
152.67055 2.1523438
152.98741 2.3619232
151.98744 2.3011017
152.2387 2.1887817
152.10402 1.7674713
152.45695 1.6978912
152.65465 1.8403778
152.91129 1.7127686
153.45535 2.311615
152.80145 2.3959656
152.30775 2.2537842
152.65667 2.0209198
151.27366 2.074234
153.1522 1.9225922
153.19037 1.9878845
153.40306 1.9569244
153.79966 1.7741699
153.92207 2.2823181
153.75602 1.9578705
154.31347 1.7328033
153.94115 1.9004364
153.39859 1.8986206
152.50175 1.9342957
152.76166 1.9624329
153.54382 2.1275024
152.90779 1.9683075
153.48714 2.3276825
152.62989 2.1944122
152.48046 1.6542206
153.67193 2.1283264
153.34094 2.1429443
153.10133 2.1059265
153.54078 2.1368408
152.81808 1.5946808
153.5457 2.1761017
152.62407 1.769989
153.41172 1.9124298
153.73302 2.1423492
152.35502 2.1289978
153.16941 2.2158813
153.86902 1.9180756
152.69698 2.1052399
153.12905 2.0479126
154.26693 1.892807
153.7561 1.8388519
153.60125 1.9829559
153.63721 2.0398407
153.50139 1.8947144
152.98012 1.8665619
153.84879 2.1313171
153.65482 2.0063171
153.16188 1.7451782
153.7233 1.774704
152.93806 1.8554077
153.54702 1.8349762
153.95793 2.055191
153.76112 2.2024384
153.42622 2.0540619
153.50617 1.9360962
153.89903 2.086319
154.92467 2.0386047
154.07803 2.0971985
153.93607 1.9505005
153.98437 2.0501099
153.76473 1.970993
153.19864 1.9514008
153.29889 2.0562286
154.27255 2.1429443
154.38162 1.9348907
153.78182 2.0983734
154.65028 2.5957184
154.97376 1.9160309
154.39195 1.9255524
154.29983 1.726059
153.48597 2.0791626
154.49541 2.1416931
154.30382 2.2613831
153.40969 2.0820465
154.27425 2.2189331
153.59296 1.9578094
153.4278 2.1833038
154.09501 2.2593536
153.68089 1.9170227
154.3107 2.0368347
153.93166 2.0504456
154.10876 1.9432983
154.48634 2.0265656
153.3819 2.0758972
153.29252 1.8992004
155.2657 1.7947388
154.73179 1.8718719
154.73776 1.7044525
154.67879 2.0226593
154.2839 1.8125916
154.18344 1.8220367
154.92955 1.758606
154.7367 1.7988434
154.72093 1.8395996
153.40953 1.7692108
154.55069 1.9555359
154.80825 1.8504944
155.29033 1.8362732
153.66767 1.8240509
154.42964 1.9335327
154.18129 1.9130554
154.49261 1.8115845
154.77132 2.1003723
154.76518 2.2368927
154.80818 2.0932617
154.39853 1.7714996
155.32635 1.9922028
155.59073 1.9595795
153.20598 1.9510193
153.99971 1.829422
154.31118 1.9375458
153.68208 1.9892883
154.25269 2.0282898
154.58696 1.6891327
154.07427 2.0024567
154.76423 2.027832
154.17705 1.8749237
154.55091 1.8515015
154.29954 1.8813171
154.07801 1.4437561
154.96532 1.8279114
154.72182 1.8505096
155.03398 2.2045288
155.27569 2.1555634
155.23251 1.90271
154.54881 1.5639038
154.50606 1.7809601
155.24614 2.1034393
154.2364 2.0458527
155.03349 1.9379272
155.40926 1.8719177
154.61005 1.5168457
155.51867 2.0169678
155.05563 1.7436829
153.86244 1.9816437
155.28523 1.9598236
155.34465 1.6859131
155.47828 2.1978302
155.98977 1.9815826
154.41781 2.1981049
154.35023 2.162384
154.30943 1.8786774
155.31334 2.1897736
155.44682 1.7888947
155.14121 2.203125
155.80368 2.0758209
155.12768 2.0515442
154.95081 2.1609344
155.43465 1.9098053
155.83425 1.8444824
155.77016 2.0788574
155.32875 2.2903442
155.22189 2.1373901
156.14139 2.3385162
155.68707 1.7802887
155.5752 2.2343292
157.31578 1.7341614
157.27215 2.2774048
157.0631 1.8972626
156.22291 2.055954
155.83603 2.0340729
155.95602 2.1309052
156.13477 2.0379791
156.24652 1.7307281
156.24525 2.1807251
156.54745 2.0214386
157.04333 2.0480042
156.96751 1.6543884
156.7522 1.9188385
156.49213 1.3950958
157.3469 1.6182404
156.41331 1.5535736
156.57133 1.8182831
155.65519 1.7614288
156.25008 1.8261719
155.83722 1.5154724
156.51461 1.5365906
157.03881 2.1518402
158.49566 1.9957428
157.20723 1.6868134
157.9982 1.9579773
157.59754 1.9403381
157.9497 2.2784424
157.66769 2.1948547
156.62375 1.8195648
157.08705 1.9274597
158.14428 2.1598663
158.10057 2.1469879
158.50843 1.8450317
157.85238 1.895752
158.53268 1.6388855
157.91183 2.1134644
157.80556 2.0856476
158.17432 2.0644989
158.94478 1.9922028
158.79729 2.3374329
158.81401 2.1477814
158.99025 2.5980225
158.24594 2.6296844
158.07421 2.12146
158.96717 2.1002808
158.76835 2.241394
158.94408 2.3322449
159.31923 2.2239532
159.0023 2.7041168
158.00666 2.6921234
158.95633 2.5748749
160.45024 2.8888245
159.06949 2.7843323
159.68457 2.720932
159.1732 2.8062592
160.66419 2.9051819
159.72686 2.6821899
159.47104 3.2759247
158.85596 2.8797302
160.34734 3.2940826
160.397 3.0332489
160.71869 3.3636475
160.47698 3.3742523
160.73736 2.6421204
159.46087 3.045639
160.94869 2.8982544
159.43022 2.7617798
159.56291 2.8592682
160.02915 3.1359863
160.21738 3.3839111
159.84389 2.9508209
159.70589 2.6340179
160.0602 2.8569031
159.74851 3.3696289
160.46623 3.4671936
160.24736 3.6779022
161.61567 3.4971313
160.11666 3.4416199
161.23437 3.8827057
160.56684 3.466629
160.9397 3.4358368
159.73218 3.1960449
160.08083 3.437561
159.36698 3.7358246
161.01323 3.1422577
160.03688 2.9387817
160.10197 3.0997162
160.36911 2.8311768
160.48976 3.1575928
160.80734 3.0880585
159.4434 2.8047791
159.19481 2.893692
160.72849 2.5125122
160.63304 3.186615
160.92645 2.8483276
160.35015 2.764679
159.80548 2.9756622
160.85813 3.1419983
160.38252 3.1912384
161.22161 3.087677
161.45881 3.1555328
161.15149 3.2048035
160.77867 3.3682251
161.36867 3.350708
161.88031 3.2793884
161.44228 3.3891602
160.73188 3.1733398
162.02656 3.5068054
161.58376 3.6392822
161.00167 3.506485
160.86154 3.2830353
161.89387 3.0223541
161.3478 2.9338226
161.54893 3.0938721
161.31886 3.5304565
161.44352 3.0264893
160.81485 3.4943237
161.17747 3.3579865
161.74929 3.0834961
161.56447 2.9745331
161.4326 3.0028381
162.05681 3.1874542
161.94437 2.9919434
161.41572 3.3751068
162.86495 3.6255951
161.39541 3.1850433
162.93374 3.6629028
162.86669 3.7352753
163.30368 3.6223297
163.50053 3.8267822
164.16269 3.6733856
163.39281 3.595871
162.91192 3.7739716
163.24582 3.4524689
163.14116 4.2556152
162.12501 4.1279449
162.51503 3.4390411
162.96971 3.4772797
164.18239 3.6292725
164.4746 3.8653564
164.38209 4.0911713
164.8747 3.8070068
163.32067 4.1705475
163.55318 4.2149048
164.62556 4.2944336
164.37407 4.2158356
165.50681 4.2391815
164.6945 4.1899414
164.68356 4.4975281
164.83896 4.0869293
164.47733 4.0082397
166.10297 4.4373779
165.16946 4.3757172
164.34272 4.4213104
163.92872 4.1407166
164.70982 4.4805756
164.35975 4.6046753
164.73928 4.5477753
164.652 4.5197601
166.57133 4.8866577
165.33643 4.704895
164.73863 4.6940308
166.01479 4.6835175
164.82105 4.908905
166.11868 4.8790588
165.5999 4.6096649
166.12379 4.7054596
165.65959 4.62146
165.99917 4.8818207
166.65421 4.6755524
164.98034 4.8666077
165.53441 4.3873444
165.98914 4.6432953
165.76593 4.5010071
166.64832 4.6599274
165.43335 4.6036377
165.54532 4.3541107
165.99714 4.2128754
165.85604 4.635498
166.01393 4.2944031
165.88927 4.5856934
165.31278 4.6785583
164.82202 4.9593201
166.58738 4.5649567
165.51189 4.3516235
166.42825 4.9280243
166.28615 4.647522
166.2497 4.5843048
166.39579 4.7757568
166.29595 4.7720795
165.77472 4.8625641
167.32153 5.2525482
166.70433 4.9585724
166.32784 5.0031128
166.85886 4.8728333
167.10189 4.952179
165.76931 4.7201538
166.09103 5.0137939
167.10601 4.9198151
167.07997 4.9736633
167.51725 5.3747559
166.64719 4.9431915
166.41402 4.9705353
166.99632 5.0264587
166.36028 4.8690796
166.12207 5.2078705
166.27361 4.7467499
167.15814 5.3934021
166.30101 4.8500977
167.97296 5.3223267
167.62091 4.9212952
167.83166 5.5016327
167.3311 5.378891
166.46719 5.2099915
168.78585 5.4998932
167.70283 5.2812958
167.81622 5.6507263
167.69842 5.1365356
167.43141 5.3966064
166.90961 5.6565704
167.74144 5.4886169
168.1126 5.1598053
168.19087 5.645874
168.32424 5.5393219
167.78962 5.9420013
167.73964 5.4926147
168.71265 6.1969757
168.92949 6.7077026
168.89034 6.4226685
168.52278 6.5294495
169.06754 6.4722443
168.08753 6.512619
168.42827 6.5765076
170.05695 7.0131073
168.68957 6.6347809
168.66698 7.020813
169.35242 7.1708069
169.7613 7.0546112
169.32614 7.0046997
168.98009 7.5741577
168.94871 7.5469208
169.04099 7.3007202
170.00494 7.4296417
169.22121 7.1994934
169.41032 7.4646759
170.40587 7.5634613
170.75691 7.9311218
170.72864 7.5746613
170.32487 7.8283081
170.78585 7.6935425
170.06252 7.9120941
170.02202 7.4889374
170.78026 7.1849365
171.08331 7.4571228
171.21319 7.5676422
170.74182 7.4703827
171.73088 7.5766602
171.44003 7.7790527
171.75162 7.5786896
169.98834 7.2061462
172.03343 7.1583862
170.88149 7.6582642
171.58285 7.508316
173.73866 8.1304474
173.20009 8.6671143
172.8039 9.3647919
172.61737 10.929672
172.83712 11.901627
172.33319 11.851929
172.82027 12.129776
173.86837 13.700882
174.78957 14.266006
173.12292 14.821487
173.98421 15.250046
173.74067 17.212143
174.39461 18.082794
175.73413 19.050903
175.39099 20.475143
175.01885 20.88681
173.70607 21.53952
173.40827 21.992859
173.92343 22.331818
175.14827 24.069901
175.07659 25.854355
174.86857 28.425293
174.41542 29.534698
176.2358 30.021606
175.33827 34.642456
175.55291 41.618698
176.11258 49.526093
175.30763 69.582062
175.23728 94.851334
175.09909 120.98429
175.947 145.42818
177.51678 171.83527
177.16351 196.87358
178.65479 220.3314

