0.42233276 0.077713013
0.50836182 0.12791443
0.21185303 0.066299438
1.2037506 0.1401062
1.6335297 0.030288696
0.088699341 0.069351196
0.13468933 0.06829834
0.45692444 0.17774963
0.79927063 0.069137573
0.095703125 0.043075562
0.10939026 0.23065186
2.0064545 0.25205994
1.2503052 0.063171387
1.3325195 0.081375122
0.21533203 0.078994751
0.49919128 0.078399658
0.68865967 0.03314209
1.7643585 0.16069031
1.370163 0.12504578
1.3665924 0.20880127
1.2950592 0.18095398
1.2308197 0.16685486
2.7453613 0.05897522
2.8773956 0.12518311
2.9066772 0.10385132
3.2401581 0.13168335
1.9172668 0.27186584
2.5289459 0.32188416
2.6662292 0.17573547
1.876709 0.4188385
1.9127808 0.049194336
1.4063416 0.21360779
2.8371887 0.17018127
2.0865021 0.17694092
1.8188477 0.11177063
2.6095428 0.30032349
2.8372345 0.20654297
3.1826172 0.2023468
2.5485687 0.11366272
1.5569611 0.1191864
2.2637787 0.0019378662
3.0736237 0.04196167
2.4532013 0.009552002
2.5346222 0.10368347
3.2214203 0.25575256
2.9309692 0.13844299
2.6967621 0.1418457
3.2021484 0.098770142
3.796051 0.18721008
3.1763306 0.083465576
2.8975983 0.29145813
3.7726746 0.070159912
3.3051147 0.27096558
3.7384644 0.14772034
3.9204559 0.12774658
3.8388824 0.16566467
4.0360107 0.058654785
4.194809 0.097167969
3.5760956 0.19458008
3.1523895 0.068511963
3.8551331 0.19804382
4.0486603 0.079727173
4.3412933 0.15927124
4.7069397 0.38690186
4.4198608 0.16744995
4.2624359 0.029968262
3.7440186 0.23681641
4.6774902 0.044921875
3.4793396 0.23431396
3.7810974 0.26029968
3.5491333 0.2802887
3.6069183 0.2076416
4.5530396 0.12220764
4.1996765 0.37147522
3.4978638 0.072860718
4.1351929 0.20318604
4.3014374 0.00054931641
5.2496948 0.10174561
4.6687622 0.16194153
5.1325378 0.15960693
5.6569061 0.099990845
5.5982513 0.12739563
5.1824493 0.26287842
5.0434265 0.057632446
6.2589417 0.18286133
5.1681366 0.023269653
6.3514709 0.093170166
5.6659241 0.16027832
5.0188293 0.43432617
5.5969086 0.17114258
5.6502228 0.07333374
5.0584259 0.22143555
4.6316681 0.0068969727
4.8385773 0.2137146
5.5448456 0.16156006
5.5534363 0.25375366
5.2515411 0.15267944
5.9196014 0.053909302
4.9162903 0.34765625
6.2990417 0.37080383
5.4224243 0.26820374
5.6047974 0.23251343
5.2850952 0.059371948
4.3653564 0.23950195
4.8263855 0.38575745
5.18367 0.39619446
5.5240936 0.099563599
5.4521179 0.18762207
4.9163361 0.26345825
4.5233002 0.083251953
5.5414886 0.27201843
5.2467651 0.19056702
5.244339 0.43405151
4.7311249 0.2973175
5.2686157 0.17259216
5.8731995 0.21784973
6.5512238 0.23202515
6.0046997 0.058319092
6.5848999 0.26487732
5.0863342 0.5025177
6.0584412 0.18162537
6.7120514 0.22938538
5.9507599 0.10742188
6.0617981 0.21434021
5.7867432 0.1023407
5.3720093 0.057540894
5.6606598 0.081420898
6.963913 0.11962891
5.8098755 0.022888184
6.6343689 0.0574646
5.5635071 0.11027527
5.0910492 0.01663208
5.2557526 0.11695862
6.7389526 0.22140503
7.2466278 0.025436401
6.9131012 0.23257446
5.6300812 0.47891235
6.0384521 0.25624084
6.4849091 0.20579529
6.7718658 0.28051758
8.3379669 0.4082489
7.6337891 0.28196716
7.4432526 0.33956909
7.1149292 0.47271729
8.296936 0.16992188
8.0822754 0.25177002
6.9540405 0.30307007
7.9827423 0.13945007
7.4251404 0.20204163
7.506073 0.24441528
7.9955444 0.15631104
7.6847687 0.097595215
9.386734 0.047592163
8.5634613 0.074707031
8.1110992 0.10668945
7.8081207 0.2588501
9.2839661 0.047439575
8.3762817 0.35746765
8.5414429 0.11807251
8.4660645 0.30117798
9.003067 0.17160034
8.999054 0.06892395
8.3222046 0.085189819
8.4199829 0.17741394
9.4288788 0.035003662
7.9250336 0.094009399
8.9502258 0.1293335
8.7825623 0.19145203
8.3059387 0.01020813
8.269104 0.10043335
9.7677765 0.19802856
9.4812622 0.23744202
8.4853058 0.23429871
8.9788208 0.16778564
9.1700287 0.31735229
9.1340485 0.066177368
8.9419861 0.11875916
8.5886841 0.25221252
8.5505981 0.24407959
8.4066315 0.15003967
8.9377136 0.21406555
10.050995 0.1966095
10.455383 0.0082550049
10.192596 0.15516663
9.7118073 0.17631531
11.23732 0.21130371
10.217178 0.0080413818
9.9725647 0.22840881
9.980896 0.12225342
9.1145935 0.043670654
9.7233429 0.029556274
9.5363007 0.18547058
9.7739105 0.024887085
11.603134 0.12554932
10.496857 0.085281372
10.344757 0.2277832
10.228546 0.037658691
10.41626 0.09135437
11.058197 0.31863403
10.158478 0.1415863
10.365524 0.13703918
11.06427 0.18751526
12.075684 0.10424805
11.60408 0.035324097
11.551895 0.010482788
10.840942 0.11959839
11.960632 0.30181885
10.886978 0.24134827
11.313553 0.051269531
11.361633 0.15438843
10.930099 0.19903564
11.351593 0.11685181
11.057556 0.13163757
11.132446 0.31234741
12.061966 0.33154297
11.675842 0.034133911
10.942642 0.15982056
12.181778 0.052383423
10.550781 0.019241333
11.109604 0.66886902
11.830765 0.35751343
11.597809 0.098190308
12.315689 0.29949951
10.99617 0.70832825
11.766434 0.10073853
11.937256 0.4041748
12.517212 0.42300415
13.236938 0.80871582
11.551758 0.53912354
12.085632 0.34521484
11.787735 0.51119995
11.814148 0.25997925
11.511887 0.31242371
11.402496 0.26261902
11.439941 0.30618286
11.88562 0.29786682
11.212845 0.27735901
12.370636 0.33113098
12.06929 0.8770752
12.129822 0.19223022
12.645966 0.13494873
12.025574 0.45153809
12.134628 0.21858215
12.744171 0.15167236
10.863144 0.13388062
12.121399 0.146698
12.085083 0.2550354
12.437073 0.42956543
12.066193 0.36177063
11.972351 0.58961487
11.984543 0.32794189
12.114136 0.52862549
11.98439 0.051101685
12.929977 0.26116943
12.714371 0.29403687
13.201599 0.37182617
12.011856 0.36735535
12.223816 0.09815979
12.38266 0.24502563
11.903397 0.2305603
12.304306 0.3651123
12.454041 0.11465454
11.983215 0.41963196
12.530029 0.07673645
12.999146 0.30148315
12.509125 0.20507812
12.709076 0.053222656
13.163635 0.33833313
11.844437 0.40065002
12.283661 0.035583496
12.750412 0.29492188
12.300323 0.029586792
12.380722 0.059265137
12.033173 0.16822815
12.593185 0.1398468
12.50174 0.25765991
12.23262 0.0020599365
11.740051 0.014450073
12.659439 0.049285889
12.575562 0.18234253
11.841705 0.17996216
12.77948 0.01335144
12.684158 0.15551758
12.011719 0.054702759
12.683411 0.32092285
12.701416 0.34553528
13.419067 0.42103577
12.396454 0.10826111
12.398285 0.15841675
13.162567 0.039657593
12.223175 0.38336182
13.079498 0.40748596
12.947922 0.034072876
12.642456 0.21852112
11.901489 0.04057312
13.089539 0.033569336
13.866211 0.20921326
12.814636 0.085525513
14.282593 0.26725769
14.279053 0.29959106
14.105698 0.41696167
13.282166 0.30329895
12.475998 0.22389221
14.11232 0.064559937
13.24176 0.036834717
15.495865 0.24668884
14.254715 0.37277222
13.957703 0.18231201
15.564255 0.10700989
14.059616 0.39102173
14.328949 0.086639404
14.737579 0.31161499
15.782715 0.097824097
15.999191 0.12789917
16.917297 0.10173035
17.85025 0.16105652
17.230743 0.056915283
17.358063 0.059249878
17.881622 0.19474792
17.011551 0.20378113
17.021545 0.19241333
17.285828 0.3261261
16.752701 0.20196533
17.405823 0.11772156
17.212585 0.254776
16.903534 0.15858459
17.24823 0.057434082
17.344147 0.24972534
18.428284 0.03666687
17.290863 0.26376343
17.612289 0.29975891
18.478226 0.24447632
18.178711 0.34960938
19.272324 0.14506531
17.407669 0.15054321
17.749161 0.090209961
17.65564 0.029006958
19.054367 0.023483276
17.937408 0.30183411
18.876068 0.36468506
18.813538 0.12980652
18.979202 0.4105835
18.98381 0.27185059
19.306992 0.30656433
18.922058 0.33164978
18.61644 0.11424255
19.052795 0.23828125
18.478897 0.078277588
18.003357 0.34446716
18.685623 0.39201355
19.277832 0.15927124
18.929504 0.10223389
18.148422 0.16958618
20.918518 0.133255
19.283112 0.12355042
20.346115 0.30462646
19.907776 0.33627319
18.654022 0.24517822
19.064911 0.15670776
18.658112 0.35020447
19.169586 0.45291138
19.680054 0.19328308
19.609207 0.34336853
20.325989 0.17103577
19.781448 0.30982971
20.647156 0.031311035
20.080109 0.27302551
20.795502 0.31092834
19.99762 0.20117188
19.614243 0.11886597
19.529984 0.1759491
20.810318 0.21913147
20.375778 0.14328003
21.539276 0.0091094971
20.094162 0.29486084
19.819031 0.38832092
20.276627 0.02281189
20.659897 0.065551758
20.437439 0.45735168
21.154846 0.28305054
21.910339 0.26396179
20.186813 0.025772095
20.55394 0.047744751
20.21846 0.1081543
20.231415 0.088439941
20.989044 0.056793213
21.337845 0.1476593
21.698318 0.1729126
21.334534 0.033096313
22.123688 0.15400696
21.515915 0.053405762
22.092346 0.10603333
22.037735 0.019317627
22.558609 0.071212769
24.42868 0.032348633
23.232086 0.06161499
22.807861 0.039169312
23.446777 0.13130188
21.570923 0.29011536
21.345001 0.075256348
23.19426 0.12895203
24.17131 0.092071533
22.316727 0.0083770752
23.262238 0.087936401
22.459747 0.064941406
23.93248 0.067276001
24.040771 0.17315674
22.579041 0.08984375
23.933533 0.17108154
24.507507 0.077575684
23.929871 0.11976624
24.005234 0.14916992
23.426376 0.1260376
23.65094 0.02911377
24.381134 0.03843689
24.19873 0.19306946
24.476318 0.19174194
23.446487 0.063903809
24.599594 0.061538696
24.864243 0.26806641
24.422699 0.22190857
23.581863 0.16423035
25.295807 0.21255493
24.701477 0.13818359
25.590683 0.20111084
24.924713 0.23309326
26.039337 0.15148926
24.70694 0.044769287
25.472229 0.23225403
26.408478 0.027557373
25.987503 0.011276245
26.071671 0.23353577
25.394852 0.34854126
25.799469 0.33337402
24.552292 0.24859619
27.201447 0.15586853
25.9552 0.029663086
25.201447 0.083572388
26.207458 0.52342224
26.313995 0.069854736
25.618515 0.029678345
26.093155 0.060699463
25.794479 0.018249512
27.513489 0.049438477
26.101379 0.28483582
25.858704 0.081344604
25.635315 0.15797424
26.743118 0.20837402
26.603134 0.34536743
26.678955 0.2931366
26.672531 0.16572571
26.863708 0.28257751
28.120193 0.14022827
27.209717 0.25248718
27.598831 0.42196655
28.362961 0.40202332
28.986267 0.33081055
27.560303 0.37583923
27.566925 0.15284729
28.073196 0.068237305
27.973511 0.0035095215
26.681534 0.15734863
25.861923 0.1464386
25.254318 0.21801758
26.566498 0.30032349
27.657394 0.20339966
26.915802 0.055725098
27.839417 0.19694519
28.573029 0.016998291
27.63623 0.050964355
26.939209 0.23471069
28.200974 0.11947632
27.548126 0.08782959
27.728745 0.13589478
28.324036 0.075332642
27.807983 0.056533813
27.85202 0.13899231
28.111084 0.16622925
28.093781 0.010192871
27.973785 0.00079345703
27.188644 9.1552734e-05
28.325699 0.041610718
28.151794 0.031021118
29.435242 0.27442932
27.448257 0.08253479
28.769073 0.068008423
28.706894 0.1769104
27.816406 0.062789917
28.552704 0.27046204
29.379379 0.09803772
28.435364 0.11746216
28.994888 0.23019409
28.457108 0.043014526
29.981171 0.34992981
29.664215 0.30863953
28.91716 0.084350586
29.676224 0.07824707
28.87677 0.084259033
29.414001 0.095153809
27.739929 0.0040588379
29.608154 0.03503418
28.684708 0.52197266
28.313354 0.20193481
29.207748 0.34446716
28.883362 0.10696411
29.892776 0.12878418
29.242432 0.38581848
29.109283 0.095123291
29.559982 0.54476929
29.367111 0.35472107
29.019684 0.067443848
29.590042 0.17868042
30.578186 0.044174194
28.755188 0.50718689
30.315399 0.15652466
31.753891 0.56828308
29.157455 0.3618927
28.849548 0.44380188
30.26152 0.14375305
30.313553 0.11946106
30.842728 0.61151123
30.502136 0.36355591
29.941986 0.42427063
31.40361 0.3757782
30.953552 0.1690979
30.823792 0.13420105
29.939972 0.24603271
28.952072 0.23731995
31.435928 0.15663147
31.134705 0.12353516
31.07283 0.42408752
29.649689 0.53536987
30.636978 0.47857666
31.311829 0.33331299
31.372131 0.4197998
29.880295 0.58171082
31.184402 0.33631897
31.80899 0.46490479
32.514877 0.4402771
31.998474 0.49638367
30.70787 0.30517578
32.716827 0.42997742
31.577087 0.44000244
31.590179 0.63768005
33.080658 0.22244263
31.570877 0.39826965
31.886612 0.62145996
31.158447 0.33241272
31.272827 0.29972839
31.612549 0.17573547
31.404282 0.31350708
31.628647 0.44422913
31.933762 0.19630432
32.657639 0.81411743
31.992996 0.69813538
31.502213 0.42298889
31.772781 0.36209106
34.078888 0.56582642
31.927444 0.53999329
32.916473 0.28196716
32.161469 0.60565186
31.96907 0.67433167
32.66539 0.67684937
31.612671 0.40556335
32.84285 0.66952515
31.124573 0.42572021
31.497513 0.22221375
31.937332 0.46946716
31.323212 0.47598267
32.744888 0.193573
32.745377 0.39735413
31.987122 0.58247375
32.083496 0.39826965
31.324966 0.2388916
30.801651 0.61959839
30.951874 0.7774353
32.207489 0.31811523
32.170013 0.3678894
32.846313 0.26113892
32.394165 0.54978943
32.368546 0.35797119
33.050964 0.19934082
33.88562 0.29026794
32.871262 0.34147644
31.580841 0.29051208
33.822617 0.44075012
33.851425 0.40324402
32.572968 0.49537659
32.984802 0.43870544
33.624161 0.38285828
34.9655 0.63069153
34.407486 0.52400208
34.316498 0.78053284
34.128784 0.5587616
32.997391 0.37454224
32.631073 0.28390503
34.318375 0.56251526
33.423752 0.25617981
33.931549 0.57077026
33.185486 0.41874695
32.575928 0.27755737
32.718918 0.53398132
34.010468 0.31231689
33.720398 0.44847107
34.357178 0.45793152
34.564636 0.26513672
33.72049 0.26367188
34.716553 0.34341431
33.672379 0.70375061
32.627136 0.00094604492
33.708435 0.72622681
32.515564 0.39328003
33.384583 0.33525085
34.360031 0.32543945
34.471924 0.16007996
34.521072 0.31021118
34.33075 0.22045898
34.216003 0.42677307
33.003754 0.29766846
34.433899 0.26409912
34.250671 0.2197876
35.321701 0.51104736
34.154831 0.36479187
34.590195 0.31756592
34.446304 0.4526825
33.537842 0.49975586
34.847351 0.39637756
34.02095 0.40109253
34.069168 0.36549377
35.04071 0.1290741
33.62027 0.14163208
35.089417 0.38006592
34.460785 0.2179718
34.477066 0.46879578
34.689926 0.39903259
34.931885 0.40357971
36.289261 0.17015076
36.019287 0.40118408
34.296844 0.48274231
36.050385 0.46356201
34.335632 0.50758362
34.335556 0.41990662
33.670349 0.13023376
34.63295 0.33145142
34.735184 0.4493866
36.023361 0.28007507
34.895142 0.5269928
34.391205 0.59799194
33.700378 0.55506897
34.356934 0.42192078
33.551651 0.26622009
34.777603 0.42849731
36.979416 0.05456543
35.374054 0.022018433
35.43631 0.11775208
35.406067 0.27679443
34.57811 0.23989868
35.714905 0.4304657
34.829803 0.090682983
35.547165 0.38201904
34.884445 0.12901306
35.213181 0.038909912
35.009369 0.31719971
35.928665 0.1072998
35.858185 0.17601013
36.519897 0.32342529
35.845398 0.32373047
36.47345 0.40635681
35.211975 0.17471313
35.867493 0.25645447
37.286316 0.62680054
36.607864 0.14256287
35.587296 0.44593811
36.356293 0.14028931
36.050003 0.4934845
35.65567 0.13237
36.001984 0.49406433
37.529266 0.49543762
35.85495 0.16601562
36.385315 0.86100769
36.884354 0.5188446
37.283997 0.5088501
36.342957 0.546875
36.380386 0.64892578
36.271667 0.56002808
37.177933 0.35157776
35.994034 0.69241333
37.551697 0.33239746
36.381882 0.28204346
37.221863 0.46717834
37.492218 0.5316925
36.574036 0.1282959
35.801163 0.26585388
36.031525 0.29067993
35.918411 0.1787262
36.834106 0.20455933
37.356827 0.062789917
35.647263 0.27627563
35.904419 0.16120911
36.893982 0.5435791
37.364777 0.069763184
36.457748 0.12846375
38.184387 0.37849426
37.804337 0.19981384
38.126053 0.47683716
37.773178 0.29171753
36.691498 0.2918396
37.284744 0.28248596
37.921219 0.47012329
37.964813 0.47224426
37.963791 0.25305176
37.493195 0.14849854
38.23613 0.066558838
37.641876 0.43751526
36.925522 0.36242676
38.299744 0.5574646
36.599304 0.27700806
37.56868 0.29229736
37.256165 0.2755127
37.965973 0.40060425
37.381027 0.41546631
39.143433 0.58303833
38.277267 0.36076355
38.360199 0.21963501
38.37558 0.1943512
38.275452 0.4226532
38.69635 0.52554321
38.391708 0.40278625
39.172852 0.46194458
37.615524 0.47288513
37.595352 0.26133728
38.600296 0.39276123
38.237457 0.3555603
38.474991 0.30271912
39.418488 0.43186951
38.715042 0.0020446777
39.29039 0.12516785
39.155411 0.45648193
37.880966 0.43170166
37.949875 0.41160583
37.914566 0.31069946
38.327011 0.21769714
38.773743 0.39006042
39.177032 0.47096252
39.324356 0.43254089
39.120346 0.58460999
38.514236 0.23036194
39.032043 0.39024353
38.937012 0.43226624
38.574768 0.39923096
39.526718 0.49127197
38.598633 0.37654114
39.596405 0.63809204
39.765701 0.65206909
39.797058 0.45440674
38.624878 0.14802551
39.878342 0.42088318
38.74765 0.42991638
39.317596 0.16755676
39.960876 0.18634033
38.648895 0.1204071
38.580627 0.19090271
38.903915 0.56976318
39.164444 0.25375366
38.571625 0.59049988
39.494278 0.67216492
38.428177 0.4070282
38.942871 0.32858276
38.924088 0.45199585
38.761307 0.59805298
39.016037 0.45913696
39.739731 0.30519104
39.757065 0.48686218
39.943909 0.38667297
39.075424 0.61708069
40.028885 0.0069885254
39.575546 0.51445007
38.871078 0.37182617
39.932129 0.48268127
38.375534 0.59259033
39.206848 0.096374512
38.432602 0.67063904
39.945251 0.42320251
40.052185 0.50537109
40.439453 0.33190918
39.442322 0.51133728
38.356842 0.57232666
39.36235 0.35469055
39.243225 0.42599487
39.351212 0.37229919
40.124115 0.47564697
39.802185 0.50952148
39.921921 0.65428162
39.499664 0.43197632
41.491821 0.50268555
39.963135 0.62342834
40.156189 0.55172729
41.161484 0.65626526
41.181717 0.5798645
40.285904 0.50831604
39.186722 0.76264954
41.257904 0.43547058
41.205231 0.60914612
40.618591 0.29541016
41.601608 0.45054626
39.565872 0.42857361
40.105896 0.25665283
40.039795 0.42584229
40.080521 0.24359131
41.640747 0.58978271
40.60228 0.41137695
41.02153 0.36160278
40.702179 0.33766174
40.129425 0.46105957
40.993881 0.55351257
40.994003 0.57852173
40.858719 0.44546509
41.896301 0.32070923
42.02739 0.52380371
42.266907 0.36830139
41.266922 0.34970093
41.269562 0.011825562
41.739044 0.579422
41.669159 0.34828186
41.501633 0.31973267
42.223175 0.4095459
41.0802 0.39479065
40.569702 0.0086517334
41.190582 0.34603882
43.05629 0.15478516
41.64621 0.30267334
42.649155 0.24755859
41.610229 0.29391479
42.142349 0.1927948
41.750427 0.42294312
42.239624 0.0056915283
41.285995 0.33544922
42.066086 0.30093384
42.400711 0.24577332
40.725891 0.05090332
43.241776 0.25840759
42.447662 0.38336182
41.804993 0.37130737
42.425903 0.4407959
41.919846 0.26043701
42.701767 0.014328003
41.695724 0.1680603
43.409897 0.1963501
42.548828 0.32470703
42.753815 0.13882446
42.947021 0.28390503
42.499191 0.121521
43.645569 0.20388794
41.509384 0.10734558
42.214417 0.19509888
42.842575 0.22018433
42.807678 0.14352417
42.239792 0.19281006
42.0979 0.30374146
43.360931 0.09413147
43.355911 0.14379883
42.390076 0.17102051
43.480957 0.39903259
43.502396 0.37141418
43.083252 0.43164062
43.248856 0.27359009
42.915588 0.16679382
42.837769 0.20327759
43.840546 0.19515991
43.326477 0.42927551
41.749344 0.37721252
43.420349 0.29927063
42.33255 0.45307922
43.605774 0.15782166
43.5271 0.26551819
43.093491 0.25558472
41.795288 0.64730835
43.001205 0.40380859
42.066772 0.39715576
41.877869 0.47827148
43.595322 0.10960388
42.289337 0.27575684
43.131165 0.16830444
41.915009 0.24713135
41.841431 0.13708496
43.530304 0.13214111
43.111984 0.19906616
44.587677 0.54318237
43.941147 0.37176514
43.417206 0.24468994
44.364059 0.28572083
43.493744 0.53381348
43.496094 0.33854675
42.278915 0.39489746
42.585724 0.58242798
43.691925 0.20558167
42.442078 0.17822266
43.322052 0.29841614
43.286438 0.22013855
42.930557 0.21881104
42.688034 0.40904236
43.548615 0.41798401
43.449692 0.15853882
44.111877 0.24090576
44.908157 0.22114563
44.042908 0.27224731
44.16571 0.21606445
43.580429 0.47200012
44.173477 0.24334717
43.422729 0.2479248
43.858109 0.29858398
43.780029 0.13269043
43.585159 0.31292725
44.000778 0.42254639
43.33255 0.25416565
44.372147 0.22528076
43.867462 0.41169739
43.958313 0.10914612
43.504868 0.21742249
42.917725 0.22142029
43.833557 0.28123474
43.687561 0.37063599
43.541611 0.29992676
43.666 0.0061798096
44.710693 0.25366211
43.940262 0.22990417
44.348541 0.01348877
44.135056 0.20840454
44.849884 0.16421509
44.832214 0.0063476562
44.229538 0.059127808
44.669357 0.006362915
44.922028 0.30065918
44.645004 0.096237183
44.723068 0.11650085
44.963074 0.045455933
45.467834 0.20352173
44.180084 0.19747925
46.247742 0.29721069
45.842834 0.57171631
44.189316 0.42936707
44.483215 0.27093506
44.54689 0.1806488
44.801865 0.24151611
45.072586 0.32594299
45.936447 0.19989014
45.96138 0.17863464
45.70253 0.29156494
44.878784 0.058746338
45.321579 0.18052673
46.071579 0.38905334
44.741898 0.20306396
45.384033 0.32174683
45.069443 0.0069885254
45.530823 0.085830688
45.991486 0.12258911
45.933212 0.069198608
46.061584 0.57945251
46.079605 0.17393494
45.779724 0.2376709
46.426437 0.60438538
46.572327 0.25971985
45.179138 0.41020203
46.677414 0.31159973
46.50502 0.26087952
47.405411 0.25674438
46.73645 0.19636536
46.307281 0.25622559
48.024963 0.020965576
47.628128 0.25088501
45.324799 0.042419434
46.934906 0.2618103
47.095016 0.6335144
46.942139 0.17895508
46.533463 0.22549438
48.233795 0.15422058
48.278015 0.04901123
48.383804 0.10826111
48.653732 0.36791992
46.903992 0.12994385
47.466171 0.41896057
47.416458 0.45378113
47.858109 0.35192871
47.370285 0.42163086
48.852478 0.15112305
48.488342 0.34597778
48.872559 0.22169495
48.143051 0.15797424
48.042633 0.021148682
48.187149 0.15847778
48.034668 0.10687256
47.841583 0.32333374
48.434982 0.45726013
47.972168 0.31718445
49.249985 0.00730896
47.380447 0.0018768311
48.832291 0.31256104
48.949585 0.42129517
47.972427 0.23092651
47.349854 0.43067932
49.010803 0.22181702
48.116013 0.15274048
48.910767 0.3601532
48.600418 0.08480835
48.940353 0.44549561
48.553574 0.062545776
48.927399 0.1726532
48.739319 0.11427307
48.61142 0.20617676
49.218002 0.28794861
48.784927 0.12911987
48.932083 0.24833679
48.167831 0.27835083
48.212738 0.098114014
50.384094 0.20445251
50.243958 0.25875854
49.21022 0.13085938
50.281921 0.023086548
50.276367 0.10140991
49.873001 0.09286499
50.034073 0.11891174
51.257904 0.34326172
50.70874 0.32676697
50.483154 0.42105103
50.739868 0.37969971
52.304321 0.36276245
51.120911 0.2558136
52.653976 0.2877655
52.140793 0.39361572
51.5961 0.21702576
52.55899 0.44158936
52.434036 0.33326721
52.126846 0.24754333
52.360199 0.13615417
52.344193 0.20306396
51.012589 0.054748535
52.183899 0.52584839
52.323792 0.36540222
50.802505 0.62779236
50.851929 0.15853882
51.930359 0.10028076
51.557083 0.19267273
52.452225 0.079589844
51.862244 0.059890747
52.114151 0.14007568
52.445984 0.0965271
52.3694 0.042572021
51.383209 0.20066833
53.587051 0.13290405
50.585449 0.41870117
51.754135 0.009979248
52.889618 0.016052246
52.592743 0.20159912
50.500122 0.12875366
52.520767 0.16467285
52.630325 0.038879395
51.908585 0.21409607
53.182022 0.2301178
53.578827 0.030853271
52.265518 0.22181702
52.499985 0.087997437
53.419464 0.19625854
52.217834 0.092132568
52.302292 0.13894653
53.116821 0.13343811
51.885284 0.1269989
52.9104 0.0040588379
52.992889 0.17419434
52.299271 0.3941803
53.142212 0.10606384
53.892349 0.44619751
53.079681 0.15718079
54.543777 0.025268555
53.151688 0.05607605
52.946609 0.31869507
53.335358 0.19654846
52.125305 0.0012054443
52.449768 0.022918701
53.028656 0.14892578
54.767929 0.059326172
53.859039 0.36941528
52.739426 0.23439026
54.113297 0.010375977
53.603302 0.050765991
54.009155 0.096481323
53.498337 0.13970947
53.822632 0.13375854
53.656311 0.10848999
53.891342 0.11204529
54.450073 0.1865387
53.923706 0.098556519
53.991608 0.43789673
53.193283 0.18644714
53.817413 0.3427887
53.006531 0.19625854
53.236511 0.21032715
53.015701 0.11764526
53.931992 0.30233765
53.318008 0.019760132
53.169479 0.097320557
52.838165 0.25469971
53.475342 0.058685303
53.376938 0.08190918
54.104797 0.19287109
54.791336 0.27484131
54.977631 0.09437561
55.852417 0.16629028
55.516602 0.028381348
54.730499 0.3099823
54.329926 0.37376404
54.893997 0.074539185
54.266159 0.42478943
54.035019 0.077041626
53.920044 0.18955994
53.409698 0.147995
52.650681 0.083694458
54.286072 0.396698
54.997604 0.1197052
54.356522 0.10134888
54.44278 0.30653381
54.136581 0.36805725
54.622696 0.4601593
55.263 0.35942078
53.624451 0.074554443
54.524017 0.37176514
54.113815 0.16026306
54.974777 0.40950012
55.665161 0.80491638
55.539505 0.39701843
54.263748 0.20246887
54.657471 0.17126465
54.863617 0.16539001
54.396393 0.010299683
54.520187 0.12336731
54.84613 0.25112915
54.912155 0.31361389
54.6082 0.52030945
56.189178 0.12646484
55.156265 0.15913391
54.809402 0.43470764
54.859482 0.010025024
54.633713 0.36784363
56.166946 0.015060425
55.715851 0.14920044
56.014496 0.040512085
55.033981 0.047821045
55.64418 0.51080322
55.235809 0.29730225
55.532288 0.34106445
56.789017 0.21472168
55.435974 0.15434265
55.312958 0.43458557
56.223434 0.050704956
56.766663 0.14691162
56.045853 0.11947632
56.103851 0.15686035
55.522278 0.094207764
55.021378 0.25587463
56.181137 0.34747314
55.579285 0.46350098
56.058807 0.046096802
56.419815 0.306427
56.016312 0.077636719
56.103607 0.046417236
56.172516 0.059127808
55.795029 0.12609863
55.850037 0.13920593
56.765228 0.27694702
55.594864 0.044250488
56.58313 0.051498413
56.256531 0.25267029
55.430832 0.16706848
56.701187 0.37956238
56.37999 0.1318512
55.448807 0.19972229
56.270859 0.097473145
56.790466 0.29525757
55.934311 0.20059204
56.456268 0.17593384
56.924988 0.014801025
56.253235 0.089889526
56.836487 0.35882568
56.53685 0.0061340332
56.536057 0.0064849854
56.176437 0.23052979
56.83342 0.15083313
56.918762 0.078857422
57.163177 0.11898804
57.24202 0.019973755
57.34259 0.27851868
57.23674 0.0081329346
57.169296 0.19560242
57.811707 0.27035522
56.475037 0.11593628
55.863907 0.13520813
56.81044 0.40222168
57.053467 0.28797913
57.201538 0.079116821
56.88092 0.13290405
57.518539 0.026519775
57.653214 0.11306763
58.589172 0.11639404
59.93988 0.093704224
59.972061 0.30003357
59.741898 0.27931213
60.104904 0.30111694
59.547958 0.099609375
58.912247 0.20913696
58.916153 0.15240479
58.801727 0.241745
59.444229 0.077713013
59.412201 0.095718384
59.817139 0.19303894
59.872406 0.0011749268
58.815628 0.21388245
60.068893 0.24487305
58.963943 0.26251221
59.435669 0.21897888
58.887512 0.14030457
59.399994 0.015914917
59.48584 0.02192688
60.186264 0.42912292
59.987366 0.37796021
60.182648 0.070877075
59.733627 0.10736084
59.468613 0.092086792
59.009598 0.24118042
60.265381 0.0039215088
59.564087 0.032577515
59.426697 0.14562988
60.182968 0.38926697
60.332458 0.2101593
60.113068 0.14775085
59.948059 0.10769653
60.262604 0.20365906
60.123825 0.22392273
60.425385 0.29847717
59.429901 0.18600464
60.047379 0.20724487
61.058228 0.13581848
60.41217 0.1726532
61.105286 0.42817688
60.019058 0.08241272
60.258163 0.46102905
59.636292 0.40402222
60.133408 0.1612854
59.648834 0.19223022
60.699585 0.21937561
60.183212 0.22540283
60.75293 0.2412262
60.041992 0.14233398
60.760635 0.21382141
59.873795 0.12043762
60.725449 0.20333862
60.605606 0.45516968
60.095947 0.00036621094
60.835602 0.36769104
60.496841 0.4103241
60.181015 0.093811035
61.175156 0.22845459
61.262238 0.27749634
60.31337 0.20631409
60.543808 0.23770142
61.09906 0.093017578
60.492172 0.15328979
60.67218 0.1109314
61.313828 0.17544556
60.829422 0.13777161
60.994583 0.16494751
60.930252 0.42660522
61.990616 0.43978882
62.698059 0.18876648
61.941833 0.23420715
62.140411 0.26802063
63.807983 0.42401123
64.20694 0.21247864
62.065582 0.034133911
63.585678 0.35955811
63.143982 0.094482422
63.510605 0.42193604
64.39798 0.19772339
62.948471 0.44065857
63.922157 0.34223938
64.566704 0.25469971
63.958344 0.12115479
64.723282 0.39518738
64.823944 0.16468811
64.783661 0.45324707
64.992188 0.44451904
65.14621 0.17785645
64.039635 0.15299988
64.151611 0.19406128
65.289391 0.18029785
66.024323 0.14930725
64.680717 0.11164856
64.937149 0.0086364746
64.451767 0.0048980713
65.028877 0.081817627
64.797203 0.29519653
64.249283 0.28614807
64.730904 0.089233398
65.728638 0.071365356
65.107803 0.39486694
66.06395 0.27388
65.651886 0.063034058
65.705826 0.27534485
65.959244 0.15310669
65.528091 0.13682556
65.571503 0.10603333
65.594696 0.020965576
66.09771 0.11236572
66.026993 0.16122437
65.232025 0.21337891
65.415337 0.11477661
66.131645 0.13829041
64.691078 0.011306763
66.025391 0.18742371
66.161079 0.092056274
65.931412 0.011810303
66.139946 0.028121948
65.294472 0.19927979
65.391602 0.035446167
65.707466 0.071533203
65.866104 0.21188354
66.191391 0.0075836182
66.153984 0.14083862
66.398872 0.18109131
66.600357 0.0206604
66.614922 0.017868042
66.315582 0.040283203
66.52108 0.20574951
66.86496 0.04196167
67.335815 0.34831238
66.258858 0.064407349
65.963219 0.092025757
66.873291 0.065383911
66.951431 0.13659668
66.955826 0.27850342
66.063751 0.51530457
67.281479 0.26695251
68.165543 0.38070679
66.428101 0.26315308
66.522621 0.35830688
67.408745 0.19563293
66.567017 0.053909302
67.231796 0.33474731
67.273087 0.43251038
67.418495 0.37094116
67.097015 0.39842224
67.661674 0.43917847
66.861534 0.055725098
67.65036 0.20179749
67.990547 0.15808105
68.080864 0.18431091
68.255859 0.42034912
67.851303 0.27487183
68.016045 0.090835571
67.371094 0.36450195
67.760811 0.29676819
66.986832 0.19920349
67.431763 0.484375
68.300171 0.29899597
68.309418 0.32528687
68.024818 0.31573486
67.464569 0.029525757
67.514862 0.38061523
67.35334 0.28005981
68.618759 0.33776855
67.947281 0.23458862
67.168282 0.030349731
67.828789 0.12265015
67.61776 0.44245911
68.415092 0.27230835
68.656281 0.034881592
68.353302 0.016296387
68.224136 0.055282593
68.774384 0.22566223
67.787598 0.12979126
68.858536 0.39888
68.225182 0.10333252
67.539848 0.5040741
67.555191 0.12846375
67.819649 0.32888794
68.695396 0.40322876
67.74543 0.0088806152
68.281898 0.15057373
68.480194 0.2787323
70.218536 0.1598053
68.531113 0.1963501
68.546875 0.44274902
67.766724 0.13052368
67.492706 0.10919189
68.371147 0.24105835
68.082993 0.46075439
68.511734 0.21923828
68.359772 0.071655273
68.279816 0.021972656
69.320312 0.17611694
69.45565 0.13822937
69.037231 0.088424683
68.155602 0.13726807
68.515907 0.18014526
68.556801 0.073532104
68.681732 0.34938049
69.703888 0.12744141
67.82328 0.13476562
69.355171 0.41505432
69.316757 0.11116028
68.684311 0.12054443
68.412338 0.17927551
68.451904 0.20300293
69.327965 0.16645813
68.778847 0.39207458
68.47184 0.50546265
68.449219 0.17987061
69.164688 0.21560669
69.472748 0.13414001
70.387733 0.27381897
69.412392 0.28985596
69.952095 0.15026855
70.431152 0.15344238
69.621063 0.046020508
69.95295 0.13563538
69.699585 0.2525177
69.78038 0.30419922
69.941437 0.032470703
70.100311 0.39334106
69.765678 0.28457642
69.708336 0.35070801
70.706367 0.35424805
70.100601 0.0026092529
71.099106 0.10017395
71.595596 0.42536926
70.833824 0.031509399
71.614365 0.041290283
72.624687 0.4564209
71.665367 0.078842163
71.082329 0.10572815
71.876129 0.1743927
70.922836 0.15661621
71.918442 0.075592041
71.674164 0.20228577
71.897652 0.57844543
72.634468 0.25892639
71.705109 0.19395447
71.405487 0.037719727
71.664276 0.40280151
72.613144 0.047302246
72.291122 0.18045044
72.501625 0.40492249
74.598663 0.0014343262
73.701691 0.083480835
74.407799 0.092285156
74.138336 0.1295166
74.764267 0.087600708
74.104111 0.42900085
74.566704 0.26182556
73.99234 0.30981445
74.702423 0.18733215
74.476372 0.24172974
73.539032 0.04069519
74.630089 0.0056915283
73.340836 0.21337891
74.336617 0.2837677
75.358398 0.28083801
74.994598 0.07371521
75.730469 0.33354187
74.472519 0.29217529
74.495728 0.31719971
74.204376 0.22605896
74.987221 0.11636353
74.84063 0.40771484
74.302216 0.33148193
75.502388 0.20011902
75.478813 0.31507874
76.041786 0.14195251
76.180573 0.037597656
74.050415 0.14169312
75.230171 0.13078308
75.644028 0.29603577
74.251656 0.1265564
74.438515 0.054962158
74.714005 0.35105896
75.286774 0.16937256
74.91703 0.034042358
74.357895 0.12567139
75.310493 0.1769104
75.390594 0.49447632
74.916153 0.4737854
76.279243 0.26080322
76.982437 0.19894409
75.493561 0.37394714
75.745941 0.40988159
76.221153 0.36909485
76.671455 0.13600159
75.94503 0.1661377
77.449448 0.36077881
75.95047 0.4581604
77.268295 0.24726868
77.513458 0.32220459
77.59478 0.37916565
77.516411 0.19735718
76.825912 0.51516724
77.486069 0.33343506
76.875153 0.16229248
76.835609 0.30888367
77.744621 0.38371277
76.103409 0.14297485
77.205215 0.10797119
78.048431 0.1986084
77.438515 0.0029907227
77.649864 0.38168335
77.367104 0.29089355
78.571945 0.31233215
78.519073 0.00016784668
78.344307 0.60525513
78.959244 0.11590576
79.036308 0.3963623
78.686752 0.26878357
77.899063 0.19161987
77.504242 0.19728088
77.415718 0.2820282
77.927528 0.25418091
77.334282 0.3351593
78.036423 0.42030334
77.893341 0.24688721
78.658836 0.35803223
78.93351 0.29682922
79.920319 0.31744385
79.439407 0.42980957
80.043159 0.059249878
78.346474 0.12643433
78.901093 0.089172363
78.254486 0.0068511963
79.365143 0.28366089
79.467705 0.18539429
78.645905 0.55279541
79.317673 0.24816895
78.620689 0.15400696
79.754715 0.21426392
77.932457 0.15040588
79.226501 0.228302
79.70163 0.095031738
80.223595 0.49005127
79.566391 0.034210205
80.016174 0.33827209
81.321465 0.14503479
77.993263 0.14273071
78.216606 0.12896729
78.880096 0.024230957
78.936874 0.0020446777
78.834152 0.10623169
79.97403 0.0054779053
79.17025 0.01109314
79.792931 0.3256073
80.910454 0.25868225
79.857895 0.1386261
79.478676 0.019348145
79.035721 0.10751343
80.407776 0.3243103
79.707169 0.26283264
79.828072 0.19888306
80.272667 0.23695374
79.775101 0.1743927
79.180809 0.26763916
79.457657 0.002746582
80.131355 0.037200928
80.596367 0.21624756
79.144913 0.010971069
80.725121 0.13949585
80.688789 0.17495728
80.15107 0.32621765
81.498528 0.017959595
81.506569 0.042800903
82.143585 0.12091064
80.376656 0.41908264
80.035072 0.58369446
80.931664 0.14828491
81.873505 0.13206482
82.650078 0.03225708
82.020683 0.12037659
81.435898 0.080474854
82.225166 0.10606384
82.338165 0.22894287
82.936707 0.30578613
82.201462 0.05229187
82.213326 0.21856689
82.739777 0.060974121
82.694283 0.044403076
82.392265 0.029830933
82.101311 0.31137085
82.403 0.11186218
82.190132 0.054962158
82.513611 0.035873413
81.444359 0.12239075
83.700844 0.032470703
83.384438 0.0065612793
83.433434 0.20301819
82.445076 0.049545288
83.967255 0.067230225
84.144196 0.335495
83.765465 0.084777832
83.367325 0.092666626
82.701424 0.067871094
83.204674 0.33569336
84.627945 0.086105347
83.378082 0.077209473
82.797798 0.063659668
82.642944 0.11346436
83.61657 0.1709137
83.394981 0.35760498
83.932434 0.19342041
83.96476 0.24874878
83.250862 0.14942932
82.841339 0.39559937
83.956741 0.09866333
84.13839 0.03527832
83.957321 0.1661377
84.483864 0.26037598
84.253639 0.44464111
84.979889 0.10971069
85.247711 0.042480469
83.582275 0.12249756
85.297073 0.15736389
86.25927 0.20910645
84.883087 0.14268494
84.740753 0.31277466
83.472992 0.17851257
84.582375 0.37484741
83.960617 0.1340332
83.741287 0.15278625
84.858101 0.33044434
84.369835 0.3719635
84.271812 0.33717346
84.628929 0.48960876
85.145264 0.13327026
85.066742 0.27319336
86.380127 0.16087341
84.443497 0.14387512
84.639526 0.047836304
85.074364 0.20396423
84.728111 0.15496826
84.985664 0.1275177
85.791412 0.011657715
84.857216 0.30500793
85.470802 0.15641785
86.134514 0.36209106
86.770302 0.21211243
86.707458 0.29922485
85.571342 0.094207764
86.634674 0.2948761
85.534485 0.17366028
86.768997 0.11479187
86.472374 0.46131897
87.104004 0.11351013
86.842224 0.19473267
88.081551 0.16467285
87.363136 0.067123413
86.703773 0.060562134
86.078117 0.018585205
86.082687 0.02746582
86.886848 0.055023193
87.09375 0.14395142
87.211403 0.12916565
87.277664 0.43714905
88.571259 0.46350098
86.712479 0.39175415
87.946014 0.48034668
87.391182 0.079406738
86.067924 0.1587677
86.971199 0.14955139
87.855743 0.21160889
88.565201 0.34738159
87.231247 0.011550903
87.282806 0.071868896
88.751923 0.40156555
87.305443 0.38291931
88.268379 0.29229736
88.257774 0.07119751
88.574829 0.18449402
89.656708 0.22807312
87.099998 0.32872009
87.803757 0.27801514
88.624474 0.25868225
89.850716 0.18844604
89.198967 0.16629028
88.680916 0.16465759
89.504517 0.42233276
88.546913 0.41267395
87.140869 0.28286743
88.468719 0.067504883
88.051529 0.24659729
87.739143 0.32202148
88.924568 0.1449585
88.024536 0.48196411
88.522736 0.48928833
87.462631 0.50743103
88.707428 0.25361633
87.406868 0.39225769
89.635773 0.32885742
89.287247 0.2315979
88.086823 0.016784668
88.902596 0.17738342
88.366791 0.039840698
88.633232 0.032592773
89.157127 0.19441223
88.272034 0.38487244
88.606468 0.14324951
87.841949 0.26345825
88.93766 0.37875366
90.190109 0.4034729
89.736618 0.15031433
88.166595 0.10369873
88.813438 0.12599182
89.266548 0.16467285
88.937218 0.1340332
89.352692 0.26571655
89.467018 0.39421082
89.243385 0.13191223
88.748199 0.030700684
89.398285 0.36242676
88.776382 0.33799744
88.895042 0.24864197
89.013771 0.25978088
89.721497 0.41523743
88.141853 0.40534973
89.320435 0.12690735
88.759239 0.40037537
89.099609 0.64022827
89.173676 0.44006348
89.0392 0.18190002
89.229477 0.36572266
89.893303 0.22981262
89.787025 0.29888916
89.901459 0.25970459
88.783859 0.20428467
89.955254 0.14692688
90.230087 0.20773315
89.696472 0.5085144
90.057556 0.31175232
89.698845 0.14875793
90.284149 0.47923279
89.550255 0.31187439
90.199524 0.1043396
90.040314 0.23248291
89.07251 0.033981323
88.85302 0.2598114
88.399384 0.34283447
89.436913 0.037567139
90.058441 0.053955078
90.592552 0.17103577
90.169289 0.17944336
89.13028 0.069976807
89.819611 0.086532593
90.144081 0.2394104
90.003372 0.33586121
89.763908 0.28257751
89.984161 0.38586426
89.977798 0.28430176
90.7136 0.3289032
90.388252 0.16299438
89.559486 0.26173401
89.952034 0.078567505
89.052628 0.35290527
88.86895 0.16384888
88.520287 0.39430237
90.292389 0.16485596
90.219223 0.2580719
90.118301 0.1446228
89.285767 0.068069458
88.704407 0.080688477
89.023697 0.21734619
89.72036 0.1060791
90.566422 0.4332428
90.297302 0.30232239
90.111145 0.28549194
91.398018 0.13772583
91.326324 0.31945801
90.670128 0.25753784
90.798576 0.539505
90.307861 0.19950867
89.127022 0.2625885
90.616058 0.37861633
90.207565 0.56394958
91.096954 0.45330811
90.594284 0.427948
90.348984 0.19563293
90.986015 0.4786377
90.337486 0.328125
90.31559 0.23487854
91.0298 0.38800049
91.424927 0.42700195
90.545311 0.53820801
90.651939 0.32310486
90.568527 0.10256958
91.448074 0.33638
90.72084 0.62527466
89.865616 0.43817139
90.657089 0.39331055
90.606209 0.3477478
91.1464 0.53643799
91.314575 0.30540466
90.714752 0.36485291
91.273819 0.62960815
92.164825 0.37980652
91.305565 0.088287354
90.913506 0.34233093
91.463127 0.40406799
90.546219 0.19004822
92.074234 0.11560059
92.27317 0.21417236
91.898697 0.24139404
91.95636 0.21035767
91.99894 0.52694702
91.667458 0.62879944
90.769661 0.11985779
90.864594 0.42967224
90.634651 0.30635071
91.344444 0.25282288
91.648636 0.40159607
92.865898 0.44497681
91.953789 0.45747375
91.172821 0.2170105
91.532013 0.4132843
91.047508 0.093917847
92.043076 0.48095703
91.930374 0.40930176
91.651695 0.05519104
92.101318 0.16950989
91.158836 0.11785889
92.119118 0.16517639
92.997589 0.16960144
92.235886 0.18431091
91.398003 0.10719299
94.347961 0.30787659
93.680504 0.2517395
92.979805 0.23826599
93.901047 0.21153259
94.534554 0.33163452
93.672981 0.086212158
93.41024 0.20176697
93.713257 0.49290466
93.445374 0.093734741
94.044769 0.26449585
94.401215 0.15774536
93.657753 0.59805298
93.049484 0.2993927
94.309761 0.31845093
93.693314 0.50785828
94.677139 0.29370117
93.277138 0.13053894
95.274109 0.2525177
94.732025 0.24467468
93.721268 0.20858765
94.452461 0.022094727
94.433449 0.17643738
94.737129 0.13352966
95.235687 0.20970154
94.51104 0.15725708
94.714996 0.21685791
95.5811 0.11399841
95.723076 0.21095276
95.314468 0.4226532
95.060852 0.48353577
94.22525 0.08921814
95.174355 0.26359558
94.851288 0.12521362
95.717194 0.27276611
95.610718 0.15270996
94.861153 0.38879395
95.676826 0.38246155
95.977104 0.40406799
95.33535 0.1550293
95.037125 0.14944458
96.229088 0.41671753
95.391571 0.23017883
96.741821 0.40289307
96.622696 0.61491394
96.544853 0.55854797
95.947296 0.55021667
97.537888 0.45016479
96.389984 0.69735718
96.308998 0.43789673
96.526016 0.40953064
94.658607 0.17080688
95.717781 0.45310974
95.338097 0.62849426
98.097649 0.37171936
97.837852 0.46429443
96.828728 0.23600769
95.62381 0.71730042
96.807877 0.10038757
96.049622 0.092666626
97.329979 0.21228027
95.675751 0.12260437
96.156799 0.0809021
96.748589 0.23497009
96.701721 0.24145508
97.099884 0.16307068
98.350174 0.22779846
97.597946 0.35949707
98.131737 0.12538147
97.026932 0.32579041
97.598785 0.70118713
97.707352 0.32252502
97.816582 0.53457642
98.108124 0.33230591
97.778549 0.2668457
97.064926 0.026824951
97.80275 0.40414429
97.038353 0.37542725
98.452843 0.53282166
98.103508 0.89883423
97.882416 0.53398132
96.611488 0.40704346
97.148735 0.66410828
98.191444 0.69348145
97.432236 0.48709106
98.121918 0.57014465
98.00885 1.0089417
98.616051 0.59568787
96.877762 0.46893311
97.458771 0.82945251
98.450592 0.95753479
97.572327 0.83609009
96.768059 0.41607666
97.558815 0.84657288
96.713844 0.64491272
97.645088 0.59022522
98.207718 0.44174194
98.403656 0.56022644
97.876831 0.64079285
98.959579 0.73136902
98.807716 0.78717041
97.683159 0.79162598
98.760201 0.67956543
97.728973 0.50776672
99.099762 0.60668945
98.314514 0.61238098
97.932816 0.68319702
97.956528 0.71490479
95.60318 0.48275757
98.419357 0.59606934
97.599609 0.67308044
97.539482 0.6211853
97.623985 0.83734131
98.770042 0.63000488
98.869095 0.81713867
98.893211 0.62052917
99.337387 0.87957764
97.684692 0.69560242
99.644844 0.61779785
97.603233 0.75924683
99.208763 0.75921631
98.485771 0.10411072
99.931244 0.49961853
98.880051 0.66281128
98.071198 0.6809082
98.767265 0.53421021
99.232513 0.90232849
98.524864 0.92004395
99.323502 0.89971924
100.06942 0.70970154
100.13246 0.95635986
101.00391 0.91853333
99.366852 0.41078186
99.480896 0.67633057
100.16325 0.84542847
100.38575 0.85198975
100.18452 1.1375122
99.340309 0.94625854
98.49437 0.9095459
98.60701 0.65075684
99.452362 0.64122009
99.968628 0.93453979
100.01392 0.61276245
100.4003 0.80792236
99.894409 0.82121277
98.946083 0.73236084
99.254219 0.66088867
99.407913 0.5760498
99.726334 0.58178711
100.25316 0.4990387
99.89328 0.79708862
99.558464 0.84414673
100.62351 0.53985596
99.543442 0.56784058
100.71768 0.81510925
100.38049 0.65936279
100.74286 0.78102112
100.49876 0.69953918
100.18829 0.66529846
100.41184 0.48017883
100.06246 0.52677917
101.37297 0.62721252
101.35661 0.66850281
101.58012 0.46650696
101.48784 0.79393005
100.86448 0.85630798
101.01031 0.78610229
101.45522 0.77272034
101.80601 0.68611145
101.83034 0.86831665
102.23099 0.70695496
100.86771 0.8848877
99.955902 0.89051819
101.10593 1.0425873
101.67312 1.1718903
101.00156 0.98519897
100.581 0.66700745
102.22175 0.8046875
101.12713 0.81105042
101.73462 0.84893799
101.14352 0.39828491
100.64394 0.59870911
101.52033 0.76106262
102.21884 0.76870728
101.75749 0.63945007
102.11375 0.60914612
101.29009 0.58900452
101.71645 0.55305481
102.59266 0.64071655
101.2504 0.67353821
102.34415 0.58833313
102.98671 0.64852905
103.58274 0.68759155
103.1006 1.0437622
102.16609 0.79017639
102.38429 0.63798523
103.46439 0.51019287
103.05167 0.66456604
103.63886 0.64379883
101.53999 0.688797
102.21329 0.87132263
103.20808 0.58026123
102.15761 1.023056
102.9518 0.86825562
103.10696 1.1331787
102.94948 1.0459747
103.52708 1.1698151
102.46836 0.93522644
102.35349 1.1194611
101.75839 0.74456787
102.08087 0.76066589
103.25497 0.99156189
102.74922 0.723526
102.80918 0.9098053
102.56553 0.66744995
101.56909 0.80245972
102.92874 0.426651
105.32278 0.69161987
104.00445 0.65600586
105.04439 0.5929718
103.44869 0.55926514
104.17403 0.52450562
103.22834 0.65643311
103.73349 0.59515381
104.1789 0.69830322
104.92268 0.62336731
105.06288 0.83366394
103.84406 0.59498596
104.48861 0.67097473
105.03278 0.84700012
104.30997 0.99162292
105.58678 1.0158081
104.06542 0.91093445
105.1459 0.94900513
102.64381 1.1743927
104.3052 0.82933044
104.56208 0.97576904
104.38992 0.91226196
104.71863 0.95278931
104.53232 0.63365173
104.26254 0.62556458
105.75425 0.86798096
105.48343 1.2461853
105.0389 0.80810547
106.12747 0.51332092
106.53604 0.77494812
104.98882 0.27043152
104.32771 0.73240662
106.10894 1.0013733
105.23754 0.69139099
104.69939 0.90542603
105.01761 0.82026672
105.81036 0.74395752
104.52466 0.70394897
103.72586 0.87545776
105.01225 0.71591187
105.25999 0.66674805
104.6595 0.92520142
105.21726 0.54832458
104.61687 0.64079285
103.69856 0.73686218
106.54898 0.77700806
105.26428 0.59060669
105.28106 0.57025146
105.7925 0.88938904
105.95642 0.84104919
105.40012 0.93000793
106.49201 0.82617188
105.40048 0.63145447
105.36717 0.64196777
104.94589 0.55090332
105.81256 0.81150818
105.87222 0.98347473
105.11603 0.56948853
104.45029 0.43148804
106.39426 0.83039856
106.69971 0.62361145
106.39297 0.73895264
107.15767 0.74551392
105.51985 0.69873047
106.06169 0.66473389
106.01174 0.63883972
107.67753 0.61505127
106.68613 0.73114014
107.33932 1.1318207
107.01672 0.89715576
106.90707 1.0201569
106.59792 0.92712402
106.05325 1.0182495
108.1062 0.79553223
106.47205 0.53945923
107.69218 0.55635071
107.29068 0.68565369
106.36317 0.73388672
105.81387 0.84942627
107.00713 0.65737915
108.41385 0.87791443
107.25349 0.86082458
107.40035 0.82841492
106.42181 0.80662537
108.51282 0.79922485
107.05211 0.71624756
108.13834 0.53900146
108.03563 0.4934082
107.52372 0.5234375
106.75581 0.81239319
106.76029 0.79023743
107.8441 0.87979126
108.17966 0.61573792
107.56769 0.62812805
107.45327 0.78198242
108.0199 0.84675598
107.85483 0.58851624
107.26055 0.6781311
107.45868 0.59564209
109.39378 0.78126526
108.24268 0.78353882
107.19067 0.61349487
108.90613 0.36460876
106.41099 0.8006134
106.79893 0.36683655
108.46288 0.5295105
106.84215 0.60824585
107.75156 0.74737549
107.55309 0.88990784
107.93735 0.67366028
107.08394 0.76127625
107.59154 0.6312561
107.88834 0.68074036
108.60507 0.8605957
108.02377 0.79547119
106.61172 0.89385986
107.17873 0.57063293
107.73963 0.91204834
107.6544 0.49739075
107.61374 1.067688
106.87585 0.88751221
108.67564 0.92247009
107.81301 0.83358765
107.62119 0.89953613
107.88301 1.0783386
107.7046 0.94648743
108.04051 0.91958618
108.21423 1.0359344
108.68959 0.82331848
108.56119 1.0875397
107.42695 1.1566467
108.61577 0.63421631
108.39669 0.88801575
108.94357 0.85380554
109.06557 0.34864807
107.9754 0.58404541
108.83385 0.74543762
108.31554 0.49240112
108.36737 0.65211487
108.67802 0.70852661
108.59824 0.78689575
108.33018 0.49311829
108.30704 0.62330627
109.56845 0.97727966
109.57521 0.91017151
110.35747 0.81634521
108.66727 0.91590881
108.76836 0.96733093
109.27432 0.7580719
109.97744 0.8722229
109.15968 0.95645142
109.2487 0.75682068
108.97308 0.62905884
109.33585 0.83390808
109.76176 0.71887207
109.55093 0.93688965
108.63472 0.67852783
109.05383 0.41148376
108.93029 0.60032654
108.24834 0.78443909
109.8782 0.85502625
108.61491 1.0305786
108.75571 0.75009155
109.87936 0.67886353
109.8208 0.91070557
110.08578 0.92799377
110.29004 0.76348877
109.34689 0.93153381
109.58489 0.552948
110.30183 0.93460083
110.97594 0.71348572
110.57661 0.81178284
110.47763 0.6895752
109.60458 0.99127197
109.7874 0.8769989
109.53959 0.64955139
109.8716 0.70492554
110.42506 0.69296265
110.63912 0.55044556
110.56082 0.31575012
109.96551 0.25006104
108.17162 0.84463501
110.32882 0.79730225
109.6592 0.802948
110.99761 0.68988037
110.32036 0.60975647
110.54074 0.62861633
110.69974 0.46691895
110.7097 0.76712036
111.21926 1.0173645
110.22453 1.1018829
110.0197 1.0557251
110.25036 0.57025146
110.14639 0.75157166
110.73409 0.59552002
111.06757 1.2046356
109.6218 0.67250061
109.4697 0.78749084
110.28316 0.77572632
111.04076 0.77023315
110.70502 0.3369751
109.79913 0.65202332
108.90334 0.89408875
111.78408 0.51551819
109.86574 0.75086975
110.42332 0.91517639
110.31241 0.91940308
111.00272 0.71488953
110.08828 0.56039429
109.27863 0.85133362
109.90484 0.73184204
109.35732 0.81362915
111.21532 0.65673828
109.64154 0.77914429
111.25809 0.59777832
110.77056 0.55659485
110.75826 0.78570557
111.40633 0.77108765
111.70829 0.76669312
110.91879 0.84869385
111.64447 0.71806335
111.72449 1.0009613
112.12257 0.78302002
112.13994 0.78437805
111.42926 0.88192749
111.06355 0.75224304
111.00867 0.79542542
110.63616 0.4503479
111.20821 0.96002197
110.97943 1.0683441
110.80524 0.87243652
111.6974 0.74313354
111.49139 1.2299194
110.7743 0.90516663
111.72122 0.76968384
111.90488 0.8986969
112.21709 0.92749023
111.2801 0.86250305
112.21146 0.82672119
111.13652 0.78643799
111.73477 0.67388916
112.67342 0.55776978
111.79859 0.86505127
111.4584 0.89984131
112.39797 1.0065308
111.6097 0.86364746
111.36488 0.75056458
111.81218 0.8321991
110.67503 0.68502808
111.46729 1.118927
111.53079 0.71820068
112.26032 0.93006897
111.74815 1.1206512
112.34172 1.0111542
112.14571 1.2694855
112.9156 1.0034485
113.00789 1.173584
111.69638 0.79681396
111.49038 1.0597534
112.54533 0.72207642
113.17461 0.83734131
113.34032 0.87677002
111.27014 0.81086731
113.19211 0.73600769
113.15231 0.99407959
113.59949 0.86946106
112.87607 0.73777771
112.36447 0.90391541
112.32281 1.0185394
112.36025 0.60070801
113.80279 0.91744995
112.89621 0.88340759
111.59173 0.73353577
111.655 0.63899231
111.98002 0.82618713
112.01574 0.7915802
111.87313 0.93475342
112.87369 0.97410583
111.45169 0.9291687
112.73682 0.79847717
111.58962 0.98342896
112.87574 1.0002289
112.36099 0.72624207
111.31491 1.0791779
112.93753 0.817276
113.25539 0.54776001
113.54213 0.78024292
112.3238 0.73609924
113.67706 0.65690613
111.91634 0.62695312
112.86787 0.89524841
112.60865 0.55278015
112.07681 0.79393005
113.8327 0.76921082
113.06875 0.78268433
112.73638 0.47612
113.42587 1.0218048
113.43862 0.99713135
113.07346 0.87281799
113.21359 0.91825867
112.96296 0.59855652
113.05411 0.78045654
113.11459 0.76789856
113.67937 0.63024902
113.71014 0.7635498
112.98067 0.94480896
113.45533 0.85668945
113.09429 0.95001221
113.75681 0.86724854
112.6613 0.95796204
113.31026 0.97599792
113.39606 0.89297485
113.20487 0.86795044
113.08347 0.70445251
113.09962 0.80343628
113.46127 0.6998291
113.63168 0.79231262
112.94094 0.84545898
113.44946 0.76248169
113.24755 0.79129028
112.94051 1.1244965
113.86166 0.67170715
114.12749 0.84111023
114.94917 0.86889648
114.40141 1.0271149
113.56212 0.99319458
114.02235 0.6484375
114.54731 1.1156769
114.8652 0.86477661
113.86438 0.77049255
114.34302 0.97341919
114.66751 1.0018311
113.87093 1.0128784
113.88516 0.9818573
113.62811 0.79240417
114.40924 0.76869202
113.67267 0.80804443
113.8135 0.91896057
114.72997 0.60565186
114.80457 0.89207458
114.24529 0.87031555
114.7706 0.61354065
114.2002 0.87779236
114.39223 0.8384552
115.41511 0.80189514
114.53381 0.87545776
114.7018 0.7157135
114.52227 0.81117249
112.87902 0.84571838
114.70017 0.79621887
114.33052 0.87187195
114.54068 0.59207153
115.33324 0.71907043
113.62083 0.92437744
113.63626 0.71846008
114.85003 0.7326355
114.8232 0.95301819
114.31438 0.97749329
113.5229 0.59425354
114.62994 0.61239624
114.80677 0.87527466
115.87901 0.8104248
115.19348 0.82633972
114.26425 0.85011292
115.40265 0.71200562
115.57956 0.95678711
113.86965 0.67456055
113.81387 0.90289307
115.46018 0.74501038
115.08817 0.90112305
114.0513 0.6806488
114.7645 0.56141663
116.01246 0.68424988
115.28345 0.87226868
116.10475 0.67922974
115.0302 0.86164856
114.90413 0.52177429
115.79916 0.61340332
115.33566 0.84693909
115.28905 1.0772858
115.37055 0.7384491
115.08811 0.99325562
114.76736 1.2155762
114.80374 0.85340881
115.67745 1.0099335
115.24727 1.2509613
114.7651 1.200943
116.78234 1.1838226
116.57883 1.2501068
116.12667 0.81712341
116.24854 0.87849426
116.8503 0.75692749
116.96133 0.88949585
116.18311 0.97233582
115.93964 0.70388794
116.09507 1.0344238
116.62612 1.0546722
116.86795 0.85528564
115.87119 0.80183411
115.97867 0.74749756
116.09962 0.90257263
116.26718 0.93991089
115.88962 0.84643555
116.44584 0.67698669
116.46599 0.67030334
116.07791 0.81790161
116.70953 0.75672913
115.90726 0.94631958
116.14001 0.90272522
116.79343 0.97514343
116.56007 0.79191589
116.31556 0.71833801
117.1359 1.1285095
116.46432 1.0451813
116.43053 0.88148499
117.87934 1.2181854
116.39578 0.91954041
117.06906 0.7183075
116.41012 1.0698242
116.49844 0.72236633
117.42761 1.3444672
117.14039 1.0182953
116.04118 0.9855957
117.23183 1.2284393
116.55453 0.98425293
116.12464 1.0502014
116.31971 1.2550354
117.39994 0.90162659
117.56559 1.0628967
117.08253 1.2382965
117.32832 0.6512146
117.63127 1.0631104
117.14036 0.89620972
116.93619 0.7388916
117.63646 0.86065674
117.44724 1.0822449
116.29677 0.62185669
116.9304 0.85696411
116.2473 0.79992676
116.59026 0.92990112
115.7913 0.76747131
116.73769 0.9515686
117.06436 0.85353088
117.07427 1.0049133
117.76108 0.84660339
116.85439 1.0748444
117.94594 1.0914001
116.39571 1.1565399
116.91159 1.1197052
117.45789 0.85943604
117.43678 1.1199188
117.14316 0.93901062
117.89416 0.88240051
116.69917 0.82778931
117.0298 1.0615845
116.87608 1.0899048
116.84207 1.2129059
116.58631 1.0742188
116.19363 0.99191284
117.04517 1.118927
117.3262 0.73597717
117.2554 1.3877869
116.60689 1.2783051
117.0444 0.95663452
116.82992 1.0792389
117.58839 0.98544312
118.45764 1.2630463
117.39661 0.99665833
116.93729 1.1752014
117.92214 0.86897278
118.21101 1.0466919
117.92368 1.124054
118.71468 1.1380615
117.58895 0.98521423
117.88052 1.18396
117.41633 1.1181793
117.50081 1.0630341
117.65467 1.0595551
117.67487 0.87765503
118.08412 1.2556458
117.9313 1.0434723
117.97342 1.1968842
117.80473 1.0605927
118.16043 1.2675934
118.57 1.1284485
118.64521 0.88215637
119.08962 1.3095551
118.51639 1.0559082
118.9085 1.1219635
119.05164 0.68173218
119.47301 1.1566315
119.02295 0.94676208
119.64317 0.62478638
118.7532 0.61729431
119.08965 0.84902954
118.8182 0.75056458
119.95177 1.0592041
119.07589 0.97097778
119.80198 1.2496643
118.38489 0.68731689
118.06394 1.026825
118.0806 0.66627502
118.17962 0.70524597
118.74541 0.72743225
118.3354 0.63778687
118.34187 0.96192932
119.01093 0.66639709
118.81647 0.78845215
119.2487 0.65673828
118.79716 0.89892578
118.74444 1.130127
120.3599 0.80183411
119.66824 0.74642944
119.10477 0.97120667
118.47888 0.95323181
119.2739 0.93476868
120.00719 0.89988708
120.6292 1.0953827
119.66142 0.92906189
118.75961 0.80506897
120.95669 0.88508606
119.93413 1.0223694
121.67662 1.1707458
121.13623 0.95584106
120.98233 1.0901337
122.02567 0.95976257
122.62881 0.86477661
122.43571 0.60160828
122.33888 0.56591797
122.79525 0.54298401
123.09075 0.83309937
122.51614 1.0429077
122.4194 0.7693634
122.98534 0.86940002
121.54782 0.8351593
121.15218 0.8291626
122.73445 0.83235168
122.70023 1.012619
123.17616 0.93988037
123.28875 1.1166077
123.68353 1.1692657
122.25091 0.73527527
122.28036 0.99079895
123.58564 0.64781189
123.21117 0.95054626
123.28445 1.0229187
123.60532 0.72109985
123.22614 0.87986755
123.43693 0.76480103
122.4068 0.70436096
123.29177 1.0338135
123.50323 0.95378113
123.03754 0.81069946
123.35358 1.3026276
124.23997 0.82705688
122.90507 1.2270966
124.35564 1.1742096
123.97669 1.0217743
123.10855 0.92991638
123.72521 1.1940155
124.60708 1.0077057
122.47079 0.98872375
123.75779 0.80815125
123.88213 0.94570923
123.23633 1.0893402
123.34444 0.82423401
123.50345 0.75860596
123.27123 1.0298615
122.76695 0.9737854
123.17982 1.3003998
123.78798 1.0488434
123.95238 1.0133362
123.87713 1.2158813
124.3744 1.2146301
124.65475 0.85380554
124.06176 0.82131958
125.28411 0.70870972
125.78013 0.8097229
124.70567 0.80073547
124.22408 0.89491272
124.89486 1.0324097
124.02642 0.76745605
124.45724 0.63459778
124.02808 0.7618103
124.19388 0.76271057
125.3215 1.0918579
124.32649 0.9937439
123.8073 0.8841095
124.10049 0.9961853
124.18887 0.6209259
124.89452 1.1692352
125.01312 0.67263794
125.06891 0.92919922
125.52374 1.2094421
124.40053 1.1465912
124.07874 1.2569733
124.46803 1.0835724
125.24223 1.0966492
124.16428 1.2831421
124.34934 1.0994568
125.14059 0.85720825
124.44573 0.95837402
125.0006 0.99447632
124.46656 1.1866608
124.6733 0.97103882
125.76299 1.002121
125.95838 0.88917542
125.04004 0.72538757
125.56794 1.0852509
125.67717 1.0487518
125.39631 0.94082642
125.76589 1.003067
125.07652 1.3642273
126.18402 0.92376709
127.34416 0.53649902
127.82119 0.62460327
126.99716 0.46153259
126.85336 0.88899231
126.03462 0.8921814
126.85009 0.7159729
127.14957 0.70544434
126.36147 0.47409058
126.59306 0.69590759
126.59235 1.0060272
127.74079 1.1916809
128.41439 0.97052002
128.44806 0.38452148
127.77107 0.70075989
127.22688 0.63317871
128.50695 0.79180908
128.8036 0.66360474
130.07762 0.90168762
128.91522 0.84509277
128.16701 0.9994812
129.51746 1.0133362
129.14901 0.7354126
129.47983 0.57388306
129.44263 0.73709106
130.37874 0.69473267
130.3496 0.49430847
128.34528 0.61811829
129.13062 0.90238953
128.79316 0.85385132
130.07849 1.0024872
128.91976 1.0059509
129.17447 0.92698669
128.24153 1.0697327
129.00927 0.93421936
128.48756 0.93115234
128.9357 0.751297
129.19293 0.97210693
129.42255 0.85313416
129.22752 1.0814819
129.00677 0.94219971
129.19687 0.85255432
129.34245 1.0213165
128.98721 1.0165558
128.61557 1.1556702
129.21138 0.99324036
129.59417 1.1599731
129.24146 0.96069336
129.35529 0.90765381
130.44432 0.45651245
129.36987 1.0432434
129.75116 0.83581543
130.86403 0.8584137
129.67822 0.7742157
130.34328 0.900177
130.65537 1.0106354
130.23966 1.0439301
129.37976 0.70591736
128.18126 0.96250916
129.60359 0.76991272
129.91929 0.68939209
130.37646 0.88471985
130.6017 0.74035645
130.68883 0.949646
130.86436 0.95648193
130.1368 0.89520264
129.63675 0.83505249
130.01082 0.95509338
129.24746 0.76019287
129.32106 1.0466309
130.16808 0.34529114
129.9263 0.91969299
130.2548 0.98324585
129.86304 0.67300415
129.64606 0.75411987
129.65195 0.84654236
129.56453 1.085022
130.31093 0.55224609
130.32249 0.58390808
129.2828 0.73242188
129.61637 0.67744446
130.12196 0.60240173
129.66631 0.56053162
129.98967 0.71377563
130.10063 0.93482971
129.64933 0.74771118
130.2031 0.98170471
131.14602 0.50445557
129.62449 0.60507202
130.36578 0.66668701
130.60765 0.69015503
130.99704 0.8659668
130.55461 0.91993713
131.21564 0.98431396
130.42842 0.64990234
131.67194 0.9140625
130.59937 0.69186401
130.6482 0.79782104
130.89937 0.85804749
130.50554 1.0049438
131.02129 0.97888184
130.84456 0.86950684
130.16289 1.0063171
130.86689 0.80674744
131.53352 0.52677917
131.15863 0.71513367
131.84297 0.7013855
130.9924 1.0160828
131.0863 0.87141418
130.38246 0.92179871
130.98825 0.63961792
131.66156 0.85855103
130.86925 0.66033936
132.71315 0.90283203
131.8168 0.74447632
131.715 0.74147034
131.61116 0.93327332
131.39463 0.77581787
131.16116 0.61082458
131.12008 0.73074341
132.0242 0.96824646
131.68248 1.033371
131.87775 0.61968994
132.64385 0.9455719
131.68485 1.0271149
132.14329 1.1054077
131.61287 0.96646118
131.82583 1.0679779
131.78307 1.034668
132.10191 0.97421265
132.36007 1.1722107
132.37257 0.95452881
131.38012 1.301651
132.98564 0.83799744
131.0741 0.80073547
131.86525 0.8923645
131.85189 0.77807617
132.09486 0.7141571
131.98401 0.6937561
133.19828 0.81575012
132.78636 0.68264771
132.93953 0.81111145
132.00146 0.76528931
133.05103 0.73823547
131.87567 0.97209167
132.18959 0.84085083
132.66288 1.0702515
132.57085 1.2688141
131.48838 0.8634491
132.6064 0.75480652
132.78898 0.93777466
133.12508 1.1596527
132.89138 0.91815186
131.77233 0.93934631
132.5938 0.61517334
132.71947 0.98019409
131.75465 0.66513062
131.63542 0.89350891
131.78547 0.98414612
132.87671 0.94493103
132.92387 0.77671814
133.51227 0.88812256
133.12921 0.86987305
131.20005 0.92063904
132.33347 0.95568848
132.81283 0.79891968
132.83802 0.881073
132.60052 1.1045532
132.25782 0.77600098
132.76925 0.92532349
132.82644 1.3256073
132.68519 1.1159973
134.15471 1.1855316
132.68477 0.87141418
134.03666 1.2531281
134.0822 0.97070313
132.66823 0.75563049
132.76265 0.80548096
132.66147 0.97241211
132.77768 1.0756073
132.79146 0.6338501
133.77902 0.86630249
133.07962 1.2218628
132.81245 0.81117249
133.84089 1.48703
132.74669 1.0125427
133.15481 0.93318176
133.57678 0.8644104
133.46071 0.81837463
133.65551 1.0679474
133.19737 0.62185669
132.66338 0.81562805
133.14042 0.7964325
133.41079 0.8293457
132.33854 0.98336792
133.41486 0.78204346
133.68707 0.73474121
133.01038 1.0404053
133.17641 0.98426819
133.39984 1.3427429
133.11501 0.9624939
134.5647 1.1855927
134.04929 0.83221436
135.19072 1.1496735
134.57621 1.0748901
134.27866 0.99958801
134.67067 0.93109131
134.76046 0.87960815
135.05156 1.1404724
134.3468 1.1705475
134.56432 1.4724731
133.7351 0.94218445
134.3493 1.074707
134.55819 1.1628876
134.89775 1.0738068
133.46872 0.96105957
134.66955 1.337204
135.23041 0.94720459
135.55286 0.77070618
134.64003 0.99353027
135.24212 1.0423431
134.41695 0.98298645
135.76311 0.48130798
135.04928 0.84887695
134.74718 0.74313354
133.9002 0.95904541
133.77616 0.95986938
133.89396 0.79748535
134.95026 0.88337708
134.33075 1.219635
134.17696 0.81974792
135.16509 0.89970398
135.02394 1.1589661
135.54718 0.85725403
136.10371 0.9666748
136.10799 1.0529938
134.81331 1.2359314
136.13005 0.88027954
136.26168 0.96510315
135.27475 1.4789734
134.99059 0.84564209
136.08906 0.80029297
136.12698 1.0657501
136.08924 0.77650452
135.31335 0.84300232
135.9762 0.84721375
135.92204 0.93325806
135.9409 1.0337524
136.33538 0.5579834
137.64833 0.94151306
137.30808 1.1172333
137.03147 1.0993805
138.13923 0.85922241
137.6806 0.94815063
137.11173 1.3507385
137.5552 0.99732971
137.02847 1.0302582
137.84026 0.80383301
136.14517 1.1869507
136.58615 1.3057404
135.89082 1.0492859
137.10494 0.97674561
136.96397 1.2728729
135.62938 1.3270416
136.35034 0.82403564
136.56139 0.89898682
135.88694 1.2034454
136.221 1.0476532
136.82153 1.1960144
136.81346 1.0776367
136.28719 0.91110229
136.84381 0.97702026
137.02484 1.014328
136.33598 0.95399475
137.20982 1.0171661
137.61824 1.2756653
137.57904 0.98335266
137.29638 1.0592041
136.97135 0.96305847
136.36082 1.1414642
135.88194 0.99211121
137.58028 0.77098083
137.70898 0.681427
138.01495 0.89547729
137.94369 1.0345459
137.07801 0.80451965
138.35865 0.84373474
138.02629 1.0253754
137.54567 0.8589325
136.99265 0.96757507
138.55142 0.5867157
138.98206 0.48452759
137.87677 0.86273193
139.17322 0.95132446
138.67805 0.67021179
138.2693 0.82745361
138.95657 0.86798096
139.03214 1.1738892
138.71281 1.133316
137.59349 0.83331299
139.56101 1.1546936
138.91465 1.0996552
138.55399 0.94779968
139.66553 0.70217896
138.79599 1.055954
138.85769 0.78831482
138.96406 0.69903564
139.26889 0.82835388
137.90666 0.65568542
139.48408 1.1061859
139.71669 1.1037292
139.10742 0.75073242
138.20439 0.8848877
138.88911 0.82154846
139.41234 1.002182
140.08803 1.1540222
139.15823 1.2884369
139.65366 1.0466461
139.50698 0.95637512
139.46352 0.94567871
139.39394 0.89067078
140.15735 1.0268402
139.54546 0.71694946
140.30051 1.0026703
138.77786 0.97822571
139.38421 0.61175537
139.89169 1.2818146
139.67524 0.91033936
139.23792 0.97181702
139.03252 0.79246521
139.29321 1.0787811
139.76513 0.99841309
140.37743 0.89027405
140.52077 1.1306458
141.26012 0.81262207
140.09165 0.82235718
140.64108 1.0357819
140.12865 1.0469208
139.76042 0.96772766
140.62202 1.098587
139.64606 0.86273193
140.77494 1.0270233
140.14658 1.0668945
139.06913 0.89013672
139.48516 0.83644104
139.68944 1.3523865
139.93806 1.1906128
140.17613 1.3105927
140.93427 1.190567
140.38655 1.0296326
140.19109 1.165741
140.89828 1.3469696
140.69393 0.7882843
141.28106 0.96885681
141.70305 0.91061401
140.29292 0.78515625
140.63072 0.77224731
140.68723 0.89128113
141.19301 0.95346069
142.38617 1.2016144
140.54809 1.2118835
140.93426 0.87550354
140.6881 1.1820068
142.00208 1.0417938
140.29115 1.0176697
140.43511 0.96543884
139.90017 0.63510132
140.2267 0.96638489
139.97647 1.1420593
140.59349 1.04599
140.8312 1.292572
140.61023 0.95721436
140.6647 0.92010498
141.17387 1.1194611
141.58241 1.0397186
141.49255 1.2686157
141.23006 1.189682
140.8539 0.85865784
141.8346 0.97398376
141.43536 1.0134888
141.75451 0.79814148
141.24263 1.2610474
141.6302 0.73927307
142.37173 0.71716309
141.72982 1.1966553
142.25852 1.0400543
142.3517 0.88882446
144.32867 1.2274323
142.32867 1.0551453
143.37467 0.78509521
143.10979 0.76239014
143.18359 1.0739288
142.1167 0.69697571
142.98518 0.83575439
142.51915 0.64463806
142.71225 1.0761108
143.44776 0.94021606
142.80243 1.0969238
143.28731 0.60820007
142.94241 0.90463257
143.76185 0.73971558
143.69121 0.71914673
144.60006 0.97746277
144.14049 1.0362244
144.52571 0.55758667
143.93243 0.9928894
142.8614 0.94389343
143.54186 0.64440918
144.49759 0.49430847
143.7861 0.60148621
142.99593 0.73045349
143.35754 0.95204163
143.66842 0.81591797
143.93952 0.72950745
143.52205 0.77610779
143.97506 0.65792847
143.76572 0.40411377
143.52664 0.84413147
144.56155 0.58047485
144.47478 0.69940186
143.10141 0.95637512
143.79518 0.5605011
145.06714 0.55374146
145.58411 0.81005859
144.54496 1.0757599
144.89337 0.73197937
145.66859 0.89041138
145.30554 0.97349548
144.65223 0.62745667
145.37184 0.57739258
146.16285 0.73399353
146.08894 0.62728882
146.0724 0.86479187
145.04055 0.60296631
144.84248 0.63279724
146.14643 0.90280151
145.87229 0.80975342
146.39183 0.9276123
145.49132 0.70039368
145.6862 0.65768433
145.72729 0.6464386
145.64321 0.96165466
144.52375 0.95567322
145.93356 1.0971069
144.84082 0.98303223
146.13479 1.2130585
146.03573 0.70658875
147.7426 1.003952
146.61546 0.89610291
146.41182 1.0235291
145.6502 0.75894165
145.87636 0.66055298
145.46028 0.72106934
146.17944 0.74621582
146.42535 0.65661621
146.72804 0.56600952
147.44788 0.74269104
145.51392 0.80618286
145.46815 1.0384979
144.97258 0.8132019
146.13365 1.0778503
145.32771 1.4471436
144.85568 1.1498108
146.31778 1.1051941
147.13488 0.75891113
146.32125 0.97254944
146.37381 0.79490662
145.61771 1.0460358
146.71277 0.7762146
146.99427 0.80206299
145.68765 0.92657471
146.71747 0.64125061
147.02673 1.0307922
146.48127 0.67276001
147.06661 0.91271973
147.49056 0.68414307
147.00626 1.0581512
147.27921 1.3091278
146.57884 0.85400391
146.40485 0.79702759
146.03563 0.6451416
145.73704 0.89871216
146.90598 0.84078979
146.66899 0.86811829
147.92654 0.99604797
146.59452 0.73309326
147.47261 0.87220764
147.4563 0.82582092
147.04142 1.0055695
147.6657 0.951828
147.60498 1.1783295
147.10423 0.97583008
147.92199 0.55784607
148.03732 0.68348694
148.33092 0.84107971
147.76792 1.2540588
148.19942 0.92034912
148.49287 1.1562042
148.52706 1.3306732
147.86117 0.72616577
147.16937 1.0338135
149.30453 1.0980988
148.10814 0.8843689
147.64821 0.49688721
148.48529 0.84080505
147.12522 1.0353699
148.23855 0.88430786
148.10804 0.74649048
147.24892 0.76113892
148.33686 1.0625
148.84645 0.88198853
148.12569 0.64981079
147.60813 0.84603882
148.04095 1.0361176
147.16333 0.90898132
148.40574 0.73524475
147.59836 0.89805603
148.30259 0.8066864
147.82616 0.83319092
147.82401 0.7822876
148.91689 1.088501
147.93469 0.91906738
147.84371 0.60726929
148.13022 0.85389709
148.27489 0.80877686
148.68122 0.84474182
148.21291 0.94166565
149.31181 0.92527771
147.70708 0.97427368
149.17321 0.98291016
150.87248 0.75027466
149.20069 1.1452942
149.18868 1.0927277
148.33388 0.92466736
148.86637 0.96791077
148.37896 0.84620667
149.58403 1.0660706
148.04571 0.80508423
148.71283 0.73945618
148.00844 1.2849884
149.85493 0.94839478
149.31014 0.8084259
149.44754 0.80932617
149.58954 0.8634491
148.49479 0.69442749
149.27284 0.82771301
147.98677 1.1200409
148.73194 0.60932922
149.35774 1.085083
149.6535 0.62431335
149.95546 0.92153931
148.03236 0.84112549
148.65014 0.8974762
148.90845 0.59642029
149.14479 0.81430054
149.79314 0.76931763
148.73039 0.98588562
149.81158 0.6943512
149.05389 0.50086975
149.65557 0.99627686
149.1519 0.66014099
149.56627 0.73883057
149.9929 1.2832031
148.86994 0.98364258
149.3204 1.1894989
149.54372 1.1134338
148.89463 0.78359985
149.40148 0.64501953
148.26519 1.1706238
148.96037 1.3655548
150.00334 0.97514343
149.11093 0.93806458
150.28726 0.74012756
149.66406 1.0280609
148.76617 0.97967529
147.9193 1.0490112
148.17447 1.1768188
148.97422 0.93386841
149.63813 1.1438141
148.6941 0.70199585
150.04588 1.2372589
149.72305 0.94644165
148.68627 1.035141
150.5815 0.82595825
150.58557 1.0997314
149.28099 0.89334106
149.92604 0.8598175
150.82665 1.1210327
150.76788 1.136673
150.65421 1.3256683
149.21273 1.2280731
150.62804 1.4191284
149.52942 0.81896973
149.74603 1.0920868
149.77756 1.004776
150.02797 0.91404724
149.58233 1.0948029
150.35522 0.95301819
150.18094 1.1652679
149.67172 0.73382568
149.55455 1.0361938
150.26415 0.63633728
149.82219 1.0469818
151.02476 0.98477173
150.41705 0.94055176
149.99226 0.96784973
150.23202 0.77531433
150.51363 0.75698853
150.00744 0.59446716
150.10622 0.77177429
150.50141 0.83100891
150.06688 0.88859558
149.70729 0.65475464
150.5467 1.0897675
150.10149 1.0028229
149.79564 0.26446533
150.46099 0.87408447
150.04863 0.79872131
149.35766 0.75584412
149.20304 0.82369995
149.08707 1.0101471
150.59016 1.0222015
151.7518 0.79847717
151.71636 0.96444702
151.6456 0.9831543
150.61148 0.63024902
150.391 0.54763794
150.98623 0.6084137
150.1714 0.74664307
151.30991 0.68482971
150.14651 0.80456543
151.40893 0.80717468
151.91234 0.90579224
151.63624 0.68388367
150.76324 0.74378967
150.53775 0.87110901
151.36459 0.51292419
151.95902 0.64697266
151.18208 0.97834778
152.32253 0.95213318
151.15231 0.78999329
151.24909 1.1383972
150.8933 0.44619751
150.71297 1.0849457
150.9088 1.1738434
151.25467 1.2846069
152.53059 0.9659729
152.11337 1.2088165
152.99504 1.1284637
152.08273 0.92214966
151.30452 0.61689758
152.72564 0.85501099
151.88043 0.94883728
151.77042 1.1030273
151.55047 1.2286987
151.64192 1.1796417
151.71794 0.9662323
151.84645 0.9287262
152.6196 1.157135
152.11505 1.2086487
151.60384 0.76533508
151.25496 1.1732025
151.28266 0.77406311
151.70213 1.0111084
152.12831 1.3399048
152.01555 1.1830444
151.86191 0.91722107
152.23204 1.2814178
151.83675 0.76217651
152.56466 0.99273682
152.0671 1.0718689
152.59641 0.72615051
152.4808 0.95556641
152.33583 0.72607422
152.75879 0.74473572
152.33803 0.82722473
152.05085 0.73513794
152.79194 0.76147461
153.86583 1.0859985
153.0446 0.91072083
152.98668 1.0209198
152.65652 0.97160339
153.47721 1.0003967
153.40194 1.235672
154.00853 1.0917969
152.06021 0.92935181
153.43965 1.1987
153.79883 1.2213135
153.21708 1.1994019
154.20061 1.0211334
152.58063 1.3065643
152.25194 1.3810883
152.41316 1.311676
152.5642 0.81178284
152.61596 1.3247681
154.12083 1.3852081
153.41251 1.2168884
153.92183 1.3226318
153.82927 1.1417389
153.45691 1.1289215
153.11094 0.71394348
152.93965 0.96923828
153.421 0.96412659
153.62677 0.73204041
152.78172 0.91061401
152.7515 1.1833649
153.64444 0.82972717
154.41463 1.0949249
153.59093 0.89956665
154.02442 0.8931427
154.21977 0.72503662
153.21323 0.56022644
153.51064 0.74473572
154.24367 0.73364258
153.15737 0.71646118
153.03116 0.95787048
153.17778 0.64685059
153.46635 0.76560974
152.56207 0.83387756
152.54514 1.0925751
153.76601 0.6754303
154.22421 1.1271667
154.46003 0.70262146
154.13906 1.0577698
154.37441 1.2613678
154.26204 0.95439148
154.09834 1.0168304
152.75455 0.89440918
154.08359 0.94631958
153.86184 1.111084
154.80997 0.75837708
154.52367 0.99864197
154.28335 0.6647644
154.58678 0.86399841
154.63654 1.0031586
153.11967 0.76733398
154.45373 0.59060669
154.239 1.0646667
154.97116 0.98204041
154.35965 0.62026978
153.26482 1.0930634
154.61623 0.98561096
153.86933 1.1277466
154.95995 1.1773987
154.88544 0.95384216
154.83307 1.0865479
155.58105 0.57255554
154.32898 0.85256958
154.50042 0.91802979
154.63995 0.92706299
154.36593 1.1592712
154.56242 1.1256561
154.878 0.85107422
153.73619 0.82176208
154.24457 1.0990295
154.57378 0.96606445
154.67863 1.0441437
154.58504 1.3172455
155.89943 1.0924072
154.18307 0.86534119
155.14961 1.1597595
154.26668 0.69898987
154.98573 0.70718384
155.05014 0.96568298
154.1006 1.0467682
155.1934 1.1203156
154.82418 0.68264771
153.98195 0.9468689
155.40485 0.87969971
155.00637 0.69142151
154.01191 0.73681641
154.42637 0.77783203
154.30072 0.62559509
154.32989 0.83312988
154.65753 1.1800537
154.55633 0.83854675
154.29989 1.2699585
155.39832 1.0324554
154.54243 1.1089935
154.73059 1.1104736
155.68813 0.828125
155.0287 1.000885
155.6073 0.7676239
154.30639 0.84089661
155.03979 1.0118256
155.17254 1.1593018
154.10148 0.60404968
154.27216 0.91384888
154.48943 0.74290466
155.43766 0.76365662
154.6977 0.71318054
155.04005 0.53245544
154.79012 0.92739868
154.98516 0.90101624
153.81997 0.66574097
155.37605 0.9455719
155.24019 0.7543335
155.35056 0.42233276
155.72802 0.8164978
155.15013 0.86154175
155.92081 0.75480652
155.43002 0.75656128
155.24024 0.77252197
155.93652 0.60324097
155.29856 1.0319824
155.93229 0.70645142
154.06017 1.1591644
155.66437 0.6643219
156.21691 0.83195496
155.10103 0.76187134
155.34158 0.95680237
154.61005 0.9650116
155.89578 1.2177277
155.96685 0.94519043
156.37634 0.99183655
154.47661 0.48641968
156.34933 1.0769653
155.04391 1.1562347
155.00847 0.94189453
156.23815 0.92607117
155.35017 0.69197083
155.84831 1.3154602
155.62437 0.99632263
155.59576 0.86175537
155.8106 1.0730896
155.08968 0.87815857
155.10329 1.0292358
155.64936 1.0270538
156.30856 1.1247864
155.09758 0.54016113
155.57945 0.74223328
155.21493 1.1146545
155.04285 0.91708374
154.9193 0.68955994
155.82623 1.2044678
155.29131 1.0744781
155.9243 0.94743347
156.4538 0.9888916
155.91477 1.1300201
155.85075 0.67800903
156.06015 0.91902161
156.10827 1.1623993
156.61168 1.2164612
156.00005 1.1613312
156.31638 1.0656281
156.36829 1.0472412
155.88877 1.0809479
155.74833 0.87063599
156.3321 1.1824341
156.32305 1.1578827
156.45864 0.79319763
155.71677 0.63844299
155.33749 0.99848938
156.16232 0.90434265
155.86946 1.2050323
156.35888 1.0837402
155.04984 0.91996765
154.94052 1.3541718
155.445 1.0493317
155.37949 0.96942139
156.4861 0.93273926
156.62065 1.2122803
155.78621 1.0684052
156.58611 0.633255
156.91193 1.1305237
155.91872 0.71205139
156.12883 1.1307831
155.42834 0.68751526
155.28127 0.98686218
156.02714 0.95405579
156.46163 1.0223846
156.71065 0.86332703
155.72559 1.0413055
155.88032 0.90092468
157.27302 0.77037048
156.99434 1.3025055
156.90697 1.0106964
156.39438 0.85134888
156.69136 0.94676208
156.83766 0.89273071
157.09209 1.0761871
156.66874 0.81271362
157.36546 0.82415771
156.8983 1.0088654
156.12409 1.1675262
156.33212 1.1270599
156.9992 0.92074585
156.13826 0.93270874
156.84313 1.157486
156.34761 1.1182251
157.58865 1.2530518
156.73969 0.8165741
157.92129 0.83460999
156.99063 0.89530945
157.14595 1.0887756
157.35088 1.1134491
156.90395 1.4446564
157.57852 1.2324371
156.8986 1.0544434
157.23414 0.84306335
157.09518 1.0237122
157.13647 1.2281799
156.60913 1.5708771
156.72882 1.0130005
156.75903 1.0577393
157.37844 1.1291199
157.37423 1.3186951
157.30543 0.86286926
156.69176 0.72210693
157.88168 1.0784149
157.10214 1.0427856
156.42107 1.0886536
158.03422 1.1840363
157.28684 1.1177521
157.36763 1.0271759
157.14543 0.88262939
158.34152 0.91259766
157.76393 0.94203186
157.45478 0.92648315
157.19544 0.84994507
157.08347 0.62162781
157.27041 0.74693298
156.95037 1.0293579
157.30092 0.92433167
157.51803 1.0605621
157.15287 0.73471069
158.43972 1.1230927
157.72743 0.81193542
157.15878 1.0168457
157.56631 0.79859924
158.31354 0.77520752
157.60731 0.99325562
157.66695 0.91261292
158.43909 0.85372925
157.85611 0.92826843
157.71675 1.0586395
158.3626 1.2023468
157.29602 0.83876038
157.45177 1.1693115
158.04987 1.2443237
158.31715 1.3828125
158.08947 0.97828674
158.13027 0.97918701
157.54887 1.1767426
157.60563 0.77618408
157.73429 0.84146118
157.50113 1.2082062
158.13148 0.8372345
157.35946 1.072113
157.96188 0.93237305
158.40592 0.87623596
157.56882 0.89451599
157.23244 0.91372681
157.09956 0.88006592
157.48558 1.0766144
157.39497 1.0995483
157.52592 1.1607666
157.54838 0.88008118
157.67201 0.68275452
158.078 1.1434021
158.37467 1.2996216
157.14653 0.94978333
158.00229 0.98095703
158.39804 0.86366272
158.01027 0.9949646
158.55983 1.0981598
158.76323 1.1819
158.826 0.87605286
158.51775 1.3318787
158.1619 1.0203094
158.22635 1.3236389
158.00157 0.90977478
159.07248 1.3213196
159.48501 1.0004883
158.50021 0.93544006
159.31259 1.1734924
158.29411 0.96316528
158.6939 1.1662292
157.78679 1.030838
158.7197 1.0721893
158.79451 0.63728333
158.54502 0.95484924
158.58146 0.94496155
158.34793 1.0227203
158.87586 1.2136688
159.54779 0.9675293
158.72835 0.94345093
158.18018 1.2253876
158.24282 0.92282104
158.54814 0.85206604
158.76506 0.88037109
158.60501 1.012619
158.84187 1.0839081
159.45699 1.0084686
159.24007 1.2741547
158.75986 1.0083771
159.52493 1.3746796
159.37819 1.0881042
158.15842 1.2410278
158.45738 0.98106384
158.51543 1.2480927
158.44631 1.3214722
158.56973 1.2238922
158.75573 1.087326
158.61869 1.0875092
158.37363 1.5245361
158.7122 1.1529083
159.14383 1.2649078
159.26461 1.2421722
159.38753 1.4556427
160.00887 1.6443787
159.25317 1.5284729
158.65268 1.4237518
159.09393 1.3230591
159.27222 1.2619476
159.10356 0.81394958
159.84766 1.0762329
158.43444 1.3036041
158.71754 1.1181946
158.55373 1.0243378
157.79439 1.1945953
159.50374 1.2816467
158.48289 1.2187347
159.26819 1.4156952
158.5793 1.1559753
159.46536 1.2090912
158.88417 1.4694672
158.38502 1.2874908
159.78611 1.249588
158.39975 1.0938416
159.60426 1.2790833
159.97411 0.93165588
158.97189 1.4754486
159.66955 1.1428986
160.17277 1.0797577
158.82533 1.2766113
159.14412 1.4026794
160.40949 1.4351501
159.9497 1.6218109
159.68768 1.0469971
159.80816 1.4803467
159.56102 1.2597198
159.35309 1.3827515
158.93942 1.6436157
160.03583 1.6000977
159.53797 1.4676971
159.31992 1.023819
159.73454 1.4609833
159.32905 1.2744904
160.45182 1.4869385
159.80158 1.6159668
159.23142 1.5009003
158.53486 1.6422882
159.84663 1.4947662
159.33754 1.2922211
159.56293 1.4176788
160.25368 1.4153595
159.71173 1.2703552
159.90441 1.2243652
160.25627 1.1217041
159.60006 1.381424
159.54258 1.3951874
159.65199 1.5012054
160.33782 1.6027679
160.40684 1.3345947
159.8505 1.2071991
160.83439 1.5727539
159.83609 1.4800873
160.52819 1.4712982
159.87156 1.704895
160.46827 1.8483276
160.21039 1.6083679
159.98231 1.4237823
161.02452 1.4986115
159.88192 1.3961945
161.0234 1.04776
160.25854 1.0737152
160.45625 1.1003265
160.04688 1.4165649
160.64678 1.2586823
160.50637 1.4464722
160.34451 1.5809479
160.95248 1.5539093
159.72001 1.289444
160.40064 1.4548035
160.41473 1.7129517
161.14076 1.3555145
159.89561 1.2832184
160.50692 1.4240875
160.05443 1.4520721
161.07903 1.6763306
160.53756 1.8704834
159.83687 1.5246124
160.64054 1.2401123
160.96068 1.4052582
160.25207 1.5162201
160.28093 1.4060364
159.88032 1.4320679
160.71027 1.3847198
160.74713 1.423111
159.886 1.194809
161.62522 1.2112579
160.57918 1.2147827
159.91956 1.2228394
160.41194 1.2412415
159.6157 1.490448
160.35006 0.94258118
159.8451 1.4445953
160.56509 1.3725891
160.68025 1.4305267
160.12394 1.2863617
160.91914 1.0905762
160.2494 1.383316
161.10645 1.4897156
160.25439 1.2731628
159.96523 1.5969391
160.44843 1.5323639
159.23389 1.2168579
160.25077 1.5727081
161.34545 1.3601379
161.00183 1.421814
160.56814 1.3188934
160.44785 1.5374298
161.40894 1.5046844
161.68157 1.449646
160.95268 1.3167267
161.03856 1.6286163
161.05889 1.255188
161.34289 1.5671387
160.05445 1.2774506
160.73582 1.3973694
159.8318 1.3464661
161.60969 1.407135
160.76639 1.6009064
160.45757 1.3431854
161.17533 1.2702484
161.36401 1.534317
160.64797 1.6127319
160.50304 1.4680176
160.52312 1.3305817
160.58051 1.4726715
161.16272 1.40271
160.84212 1.6096039
160.80116 1.8163452
160.32284 1.4565277
161.76217 1.5961914
160.97042 1.8694763
160.91038 1.6417389
161.17443 1.9417267
161.67623 1.4671631
160.36542 1.4519958
161.51464 1.4623108
161.73579 1.4820709
160.74302 1.6275787
160.8252 1.4224243
161.44208 1.7473907
160.07278 1.9326477
161.57644 1.6621094
161.32238 1.8509064
161.25885 1.8029022
161.67959 1.8383179
161.47601 1.6389923
161.71112 1.5840912
160.58695 1.6663818
161.23043 1.5787201
162.24123 1.8083191
161.65776 1.7253723
161.71092 2.006958
161.79012 1.640274
161.74091 1.6054535
161.43093 1.6061249
161.77437 1.823761
161.8091 1.8439636
161.67529 1.6753998
161.00941 1.7141113
161.39816 1.7991943
162.11087 1.853775
161.3242 1.7290192
161.17907 1.8176422
162.27704 2.0295868
161.58316 1.8774567
162.06581 1.7301331
161.91458 1.9332581
162.10804 1.9106598
161.87718 1.8692322
161.49543 1.6187592
161.52024 1.7362518
162.08034 1.7501831
161.82699 1.6926117
161.65076 1.7471466
161.74341 1.8574677
161.76664 1.8218231
161.68176 1.9257355
161.84405 1.5811768
161.63344 1.5726013
161.887 1.49646
162.1791 1.465683
162.02613 1.6882324
162.58501 1.5316315
161.44614 1.2962952
162.35825 1.7039948
162.23437 1.6283264
161.51318 1.529068
161.81624 1.1613617
162.45038 1.410202
162.39917 1.3825989
161.94808 1.5476532
163.24053 1.5406952
162.44837 1.405365
163.44463 1.5223846
163.43005 2.0128784
164.12628 1.9320984
164.3039 1.8883514
163.85038 1.3916168
164.72289 1.727066
164.52853 1.8269958
164.24299 1.7111511
164.74052 1.6928711
164.00749 1.897049
165.30242 1.9855499
165.05158 1.8191833
166.35301 1.9334412
166.01001 2.0155029
167.47231 2.0297852
168.09559 1.7065277
167.77677 2.0529633
167.58668 2.2296295
167.88241 2.5459137
169.08959 2.4827423
169.73003 2.5470276
170.13194 2.557373
169.93621 2.4844666
170.38079 2.647049
169.44962 2.9716034
170.96902 2.9528961
170.34108 2.7802429
171.20979 2.7429047
172.66128 2.8845978
172.99711 2.7021332
172.00107 2.7414093
171.50382 2.6327515
171.98538 2.5875702
172.16976 2.430069
173.5383 2.6242065
174.1433 2.3573608
174.28731 2.7701263
174.01423 2.6958771
175.23701 2.7590942
173.83102 2.5088196
173.80569 2.6680603
174.55308 2.2619019
174.51314 2.2366028
175.19262 2.5989838
174.26669 2.5570068
175.27835 2.6006775
175.24674 2.530426
176.52753 2.5028534
176.05207 2.3643341
176.80635 2.5628357
176.89318 2.820694
176.75746 2.7893982
176.57 3.0007172
176.61282 2.6813049
177.70906 2.793396
177.16198 2.8002319
177.02511 2.3335724
177.03504 2.1604309
176.35373 2.3890381
176.5605 2.8734894
177.93289 2.6268463
177.72777 2.4200439
177.01921 2.8800049
177.922 2.7095184
178.14061 2.5108795
178.65886 2.6674805
177.8882 2.2501831
177.20984 2.3503418
177.42084 2.3754883
177.55422 2.5795898
177.50496 2.7429657
178.41545 2.54039
177.17916 2.7321777
176.92277 2.8441162
177.69862 2.7665558
178.88393 2.4519501
178.37936 2.8133698
179.03687 2.9406281
178.90172 2.4540558
179.03513 2.6778259
178.17615 3.247467
177.68261 2.7725372
178.28737 2.4385681
178.31529 2.5642395
178.91868 2.2360535
179.12968 2.5564117
177.91566 2.3939514
178.3476 2.3263245
178.19077 2.4333191
179.72799 2.5181122
179.44413 2.5129852
178.94822 2.5559082
178.48489 2.8098907
178.59042 2.5878296
178.3135 2.7513428
178.60655 2.4765015
178.14789 2.6760101
177.86217 2.5229492
178.12152 2.242569
178.78785 2.4556885
178.98438 2.418457
178.17319 2.4092407
179.48453 2.3384552
177.60683 2.3892822
178.99207 1.9657135
178.90847 2.3952484
179.70687 2.3562012
179.35722 2.3240356
178.83749 2.3509369
179.431 2.0758514
180.19104 2.5284576
179.24371 2.4136658
179.97025 2.5692902
179.63841 2.519043
179.87028 2.1504974
179.50731 2.7213287
179.80647 2.5070953
180.38876 2.5107727
179.96878 2.7034912
180.34091 2.9476318
179.82543 2.4157867
180.62802 2.9483795
178.85385 2.8018494
180.06446 2.8762207
179.8553 2.6847992
180.95868 2.7631683
180.15763 2.8547821
179.91665 3.2637329
180.20267 2.97612
179.84326 2.9871979
180.25164 2.9446259
178.54899 2.9007721
179.99444 2.9059296
179.32077 3.0080719
180.59874 3.0249786
180.37738 2.9099731
180.35464 2.6149139
179.55061 2.4546967
180.61435 2.9175568
181.50982 2.7411194
180.32652 2.6976624
180.4408 2.7786713
179.75213 2.8020172
180.58266 2.7325439
180.31844 2.5147705
179.33871 2.5808411
180.04103 2.9242706
179.73506 3.2396851
181.04814 2.8151093
180.90323 2.825119
179.97469 2.9064178
179.67435 2.5808411
180.65295 2.6271667
179.26834 2.9912415
180.60254 2.4677582
180.97866 2.6707001
181.69912 2.6805115
181.21284 2.8517761
180.7894 2.6391602
180.05075 2.920517
180.63241 3.2484283
181.93926 3.1573181
181.57878 3.0849457
179.93855 3.243988
180.34808 2.9825287
182.02463 2.9788818
181.18089 3.3002014
181.74662 3.1009521
181.35495 2.9049683
181.29813 3.1220398
180.12683 3.2659607
181.64092 3.3968048
181.86205 3.3303528
181.83994 3.022644
181.54819 2.9373779
180.21916 2.8816986
181.89502 3.2748108
181.10836 3.5285492
180.95127 3.4012146
180.77571 3.5364532
180.94663 3.3103027
181.40943 3.4067383
181.82277 3.2442474
181.95135 3.2967987
180.90035 3.1870117
181.70266 3.3641052
181.43188 3.2759552
181.57307 3.7018433
180.94286 3.5161133
181.47034 3.197937
181.53235 3.4705811
181.03827 3.2112732
180.61292 3.0134583
181.97992 3.0688477
182.50474 3.1097717
182.2462 3.3592224
181.44196 3.0038452
181.31719 3.1857147
182.53004 3.5809021
182.58009 3.4415131
183.13596 3.617569
182.45797 3.4953003
183.26887 3.4365082
182.42208 3.4422302
182.35431 3.3782196
182.93699 3.4072571
183.22947 3.238678
182.62717 3.4779663
182.56183 3.4931183
181.26786 2.7777405
182.41355 3.5307465
181.93915 2.8977051
182.6084 2.8195801
182.09065 3.3466492
181.90432 3.1840363
181.57715 3.4172516
182.79965 4.0286407
182.21805 3.6983185
182.89831 3.8880157
182.5719 3.9430695
182.23434 3.8792877
182.86701 3.7880707
184.7143 3.8972626
183.96591 4.2141113
183.8531 3.8879242
183.18718 3.8469238
183.94176 3.9043579
182.98207 3.650116
183.70297 3.6867218
183.7708 3.7484894
183.90169 3.970459
183.00024 3.9578552
183.11776 3.2825928
182.67085 3.921524
183.44625 3.5270691
184.39282 3.526825
183.38457 3.7640076
183.24972 4.0570831
182.92821 4.1147308
182.96234 3.6981049
183.57501 4.3145142
182.89103 3.9810638
184.20377 3.9234467
183.19367 3.8901825
182.73605 3.9141693
183.97393 4.3582153
184.51058 4.0576477
183.87551 4.1402283
184.57486 3.8118286
184.22504 3.7672424
184.39803 4.2415314
183.8614 4.2359924
185.55274 3.9214172
184.18471 4.1954041
183.7707 4.0580139
185.58242 3.7710419
185.55622 3.9626617
185.0817 4.1383362
185.06275 4.1346436
184.26301 4.1703644
184.33887 4.3115082
184.64682 4.1448975
185.02887 4.3947601
185.62743 4.4998779
185.08848 4.1351471
186.01161 4.177887
185.3415 4.2066345
185.84705 4.0857849
184.97832 4.3874207
184.91737 4.5026855
185.20292 4.4057617
184.94848 4.590744
186.02514 4.4190826
186.79893 4.5339203
185.11079 3.8678436
185.06202 3.8498383
186.8025 4.2699738
185.77108 3.9605255
186.99196 4.4773254
185.73129 4.4846649
185.73067 4.131073
185.79229 4.9327393
186.07808 4.5701447
185.25175 4.5913544
185.23815 4.3607178
187.1637 4.0956573
188.53246 4.2630463
187.19531 4.1917267
188.22381 4.194931
186.8711 4.2176666
186.94142 4.2285004
186.52487 4.4734344
187.29676 4.3786774
187.40527 4.2691498
188.32302 4.1342621
187.11849 4.6971436
187.38706 4.6435394
186.1436 4.3024902
186.9076 4.3580933
188.08221 4.3449097
187.048 4.3768005
187.31927 4.4160767
187.35104 4.5868225
187.79779 4.4802551
187.85888 4.930191
187.80638 4.4885406
186.71164 4.3004456
187.63242 4.5243073
186.56858 4.5245667
185.91869 4.2494354
188.08588 4.2853851
188.29221 4.2484283
188.24946 4.741745
187.94472 4.1305695
188.16057 4.1551208
188.99441 4.4039764
188.84871 4.1434479
188.54111 4.2041321
189.14229 4.4668427
188.30118 4.437561
189.49038 4.2622833
189.03019 4.4471893
189.05586 4.2857208
189.16835 4.8340302
189.18215 4.9677582
189.33963 4.6155243
189.64076 4.751709
188.88032 4.7515564
189.26695 4.7026825
189.15089 4.6079712
189.46302 4.7976685
189.89939 5.0153809
188.77767 5.0922394
188.82899 5.5969696
189.52572 5.4657745
189.69198 5.3342743
190.0318 5.248764
191.11988 4.9523773
190.59419 5.2041168
189.29898 5.358017
190.33482 5.2548065
189.59199 5.4660187
189.11552 5.4647675
189.23838 5.3176117
189.4886 5.5432281
188.73622 5.4114838
191.19739 5.1842041
190.07533 5.0437012
190.20781 5.2697449
189.04811 5.583313
191.12004 5.821579
189.91922 5.4650269
188.87247 5.1909637
190.08245 5.357193
190.16473 5.3630371
189.46735 5.103241
190.69414 5.0639954
191.93722 5.0254517
190.2392 4.9857635
190.22892 5.0595398
190.93115 4.9768829
191.18846 5.1470947
191.16066 5.501236
190.52861 5.5376587
191.84378 5.7224731
189.9134 5.3972778
192.28378 5.4297028
190.77081 5.5455475
192.58122 5.2506104
191.59514 5.4113159
191.09088 5.6521759
191.39637 5.4602509
192.28557 5.4130554
191.41364 5.8986053
191.64412 5.8128815
191.56377 5.4046783
190.30583 5.7467499
191.18899 5.4305725
190.76678 5.7884521
190.80065 5.3598022
190.8735 5.5757751
190.28353 5.6023865
191.26236 5.8598022
191.38961 5.6925049
190.33047 5.4203186
190.07586 5.5594177
191.00998 5.6649017
191.57145 5.6261749
191.88919 5.8519897
191.57471 5.5317078
191.90617 5.5639038
191.64029 5.7259369
192.50706 6.0001221
191.70331 5.8625946
191.55324 5.5959625
192.93482 5.2459717
190.95874 5.4292908
192.0261 5.2080841
192.0427 5.7185211
191.85875 5.4197693
191.91223 5.7718506
191.05419 5.4694672
192.97884 5.8216553
191.38255 5.7042236
192.21795 5.5381165
191.56582 5.766861
191.43367 5.4099884
192.3773 5.6776581
192.88677 5.6884613
191.5363 5.7425537
191.45686 5.6500549
190.144 5.7759552
191.79687 5.9321442
191.682 6.1070404
191.80743 5.6764984
191.44845 5.6226044
191.52999 5.528717
191.37022 5.4810638
192.70699 5.6476135
192.82518 5.515625
193.35399 5.4612579
193.74697 5.6287231
193.18423 5.4687958
192.64547 5.5069275
192.89737 5.2167358
193.91743 5.4477539
192.2961 5.4841919
192.17855 5.4371643
192.08921 5.0848236
192.4901 5.2918396
192.81123 5.4522858
194.0118 5.4130096
193.94271 5.7107239
193.13556 5.7214355
193.56234 5.3991394
193.71477 5.7831879
192.85034 5.6685791
193.9096 5.3321838
193.07136 5.0523224
192.9472 5.0224304
193.54273 5.2032928
193.1094 5.0370941
192.69452 5.4488068
192.2829 5.3826599
193.79406 5.3514862
194.34741 5.564621
193.97361 4.9408417
193.40088 4.96315
193.66582 5.0227509
192.23921 5.3898315
192.9646 5.1249847
193.34205 5.0014496
192.77049 5.2147217
192.60996 5.2607727
193.09443 5.0605927
193.00633 5.6460724
193.55812 5.3059692
194.00469 5.5304565
194.20307 5.2673035
194.35645 5.3795166
193.38538 5.6837463
193.28158 5.3153839
191.66381 5.8336945
192.30009 5.3171692
191.83161 5.5009003
192.91194 5.1396027
193.19168 5.7802887
194.49932 5.7464142
192.74071 5.4288483
195.35526 5.5407715
193.03074 5.4867096
194.46932 5.407486
193.25594 5.624176
193.77037 5.4676208
194.23322 5.3460999
194.789 5.6755676
194.32244 5.4534912
194.49888 5.3122864
192.6505 5.4415741
193.19996 5.4904633
193.89314 5.397522
193.44631 5.3278046
194.40945 5.3117523
194.23883 5.5866089
194.40831 5.2848816
194.62213 5.6333008
193.93981 5.4390717
193.60771 5.517746
194.55581 5.5430298
193.1109 5.5191803
194.76713 5.7660065
195.79569 5.4161377
193.78979 5.2155151
195.15136 5.4593506
194.1487 5.8247833
194.5512 5.8359375
194.14933 6.0445251
194.33132 5.9593658
194.90394 5.1660156
194.44944 5.5930939
195.94047 5.909317
195.41387 5.5340424
195.10085 5.6450653
195.54619 5.7446899
194.54648 5.7411804
193.37531 5.6342468
194.43416 5.7369843
194.23245 5.7546082
194.41564 5.9685822
195.13742 5.9010162
195.37932 5.7050018
196.01809 6.0811462
195.31574 5.6719208
195.68594 5.5682068
196.42908 5.7016296
195.15777 5.7227173
195.00687 5.737442
195.73522 5.6832428
195.56188 6.0088501
194.72867 5.805191
194.52459 5.8398895
195.94499 5.8645782
196.39975 5.8962555
195.56447 5.848938
195.72513 6.058075
194.84261 5.3972168
194.79264 5.7185669
194.65063 6.2297211
196.44953 5.8496552
195.864 5.8787842
197.04371 6.0947418
196.4782 6.1668549
196.2737 6.0108795
195.78492 5.891571
196.11461 6.1503296
194.95244 6.2667999
195.61326 5.7104797
197.60441 5.6324158
197.06253 6.0076294
195.78411 5.9801483
195.83423 5.8751221
197.45291 6.1010132
195.9994 6.0936432
195.40148 5.9152679
196.40651 5.6048889
197.08105 5.7842712
197.18584 6.108429
196.65303 6.1835785
196.90665 5.9277191
196.08053 5.7812958
195.52963 6.0066528
195.76448 5.6022644
196.11722 5.9205933
197.10996 6.0431366
196.96471 6.0125885
196.84998 6.1744385
196.2693 5.8390656
196.65701 5.9669495
195.69179 6.0500488
197.13902 5.7202911
196.31383 5.8994293
198.15131 5.4873352
197.22094 5.8094177
196.95157 5.5249023
196.92305 5.5482178
196.49506 6.1887665
197.53239 5.6747284
196.3541 5.7109375
197.03718 5.8258514
197.22676 5.9606018
197.23598 5.5629272
197.50203 5.5787354
197.63521 5.9342041
197.27486 5.6042328
196.56048 5.524765
196.99515 5.7167816
196.7986 5.6023254
196.11928 6.0049591
197.4174 5.7057953
198.78992 5.8628845
197.81002 5.8265381
197.05529 5.9706268
198.03702 6.1865387
197.90698 6.5924225
198.50089 6.3087006
197.35346 6.5834808
197.515 6.4391022
197.60061 6.7840729
198.68859 6.808609
197.82441 7.1494904
198.33918 6.5515137
197.61812 7.2002716
197.79684 7.5096893
197.83975 7.5754547
197.27226 7.28862
197.2132 7.5708466
198.428 7.4354706
198.47665 7.4803619
199.16579 7.9978333
197.98085 8.3958588
198.52585 7.7629852
198.0903 7.9930878
197.01138 7.769516
198.17864 7.8716278
197.1685 8.3369751
198.75837 8.351181
198.17544 8.6974335
198.6142 9.128891
198.26295 9.1660004
198.81549 9.5592194
198.25075 9.4468536
197.57584 9.3356171
197.44328 9.4922485
197.35683 9.6553955
200.05645 9.7816467
198.32736 9.8470459
197.41946 9.6598663
200.06777 10.07135
199.3428 10.265839
197.95669 10.108643
200.39127 9.6411591
199.66673 9.7750549
199.49145 10.080612
198.61836 9.7705841
199.5779 9.8220215
199.58087 10.037827
198.88872 10.591125
199.19283 10.329361
199.42855 10.475433
200.139 10.738434
200.01324 11.579193
200.29936 12.084824
200.85535 11.941452
200.48716 11.976562
201.03308 12.443909
199.61465 12.358627
200.43226 12.649902
200.31317 13.938156
200.26794 13.78096
200.80029 13.766129
200.64843 14.077606
201.59863 14.036758
200.54554 13.530899
199.81997 14.238998
200.75953 14.289169
200.92581 13.764877
200.98215 14.421432
199.80937 13.570251
201.07969 13.642563
200.71938 14.021133
200.54261 13.894318
200.71805 14.326385
200.50242 14.533752
200.35054 14.590546
200.91325 14.285172
200.75044 14.348984
201.84918 14.048981
200.96014 14.314835
200.20194 14.967834
202.4136 14.463394
200.84488 15.229218
201.19977 15.218018
202.11447 15.891449
201.93167 16.24292
201.79362 16.586441
202.3174 17.38504
201.87509 17.997437
201.96267 17.62677
201.73204 17.86412
201.52001 18.275879
202.38761 17.732651
201.23812 18.4375
200.97647 19.866501
202.23125 19.914932
202.4193 19.716858
201.74348 19.878113
202.37944 20.039185
203.35908 20.517136
201.81846 20.680405
201.6639 20.46843
202.5767 20.723373
201.62063 20.794479
202.38888 20.333069
201.58942 20.604416
202.61107 21.269791
201.85979 21.027634
202.52013 20.938202
201.80661 20.980698
202.56516 21.128616
202.66808 21.52182
202.20498 21.960083
202.49586 22.673553
201.77205 22.924927
202.99443 22.796539
201.9266 23.339127
203.11179 22.721146
202.57889 23.162323
201.91978 23.001068
201.43416 23.21965
202.22767 23.230835
202.08593 23.336899
200.36235 23.295349
202.72237 23.27359
203.1763 23.433746
203.44293 23.484711
203.39433 23.62439
203.69447 24.106369
204.02323 23.973022
203.70501 24.384094
203.36874 24.307373
204.28351 24.141464
204.06614 23.515015
204.1182 23.642334
205.17667 24.264297
203.27303 24.21228
205.04357 24.043762
202.8121 24.209854
203.64572 24.584412
203.86633 24.829834
203.69271 24.991165
203.47645 24.556076
203.09604 25.078339
203.5935 25.095367
203.70892 24.958237
204.47372 24.967834
203.90733 25.437439
203.09104 25.888992
202.54625 26.276337
202.82627 26.662216
204.13022 27.320129
204.48049 28.285553
203.53129 27.653748
203.4848 28.543961
203.19308 27.627335
203.56311 27.882141
203.97907 28.236664
203.46241 27.451538
203.4182 28.235214
203.77147 27.854279
204.33446 27.874161
203.95694 28.596039
205.36505 28.10939
204.57276 27.788895
203.98704 27.911194
205.83144 28.008652
205.41229 27.881561
204.8475 28.265991
204.73269 29.353287
204.89705 29.362259
204.88934 28.542175
205.47556 28.940491
204.85781 29.299316
204.8837 29.192963
204.46434 29.193573
204.48548 29.974976
204.12767 29.896301
204.75575 29.760773
204.46104 29.661057
205.35261 29.625656
205.33706 30.187668
204.41652 30.709213
204.19551 30.544067
206.02895 30.064667
204.38149 29.8694
203.9765 30.092422
204.88355 29.977127
205.1903 30.867249
205.74408 32.725891
205.0438 35.058807
204.9793 38.029068
204.75762 40.755569
205.27509 45.494019
204.92712 52.953659
204.97203 66.424454
204.19492 84.21492
204.46083 103.70984
204.74059 125.69241
205.43857 144.35215
205.51918 163.77761
206.34716 183.99662
206.50355 204.55734
206.96502 225.40602
205.83229 244.87779
