0.42233276 0.077713013
0.50836182 0.12791443
0.21182251 0.06628418
1.2037506 0.1401062
1.6335449 0.030288696
0.088699341 0.069351196
0.13465881 0.06829834
0.45692444 0.17774963
0.79928589 0.069152832
0.095672607 0.043075562
0.10939026 0.23065186
2.0064392 0.25205994
1.2503052 0.063171387
1.3325195 0.081375122
0.21534729 0.078994751
0.49919128 0.078399658
0.68865967 0.03314209
1.7643585 0.16069031
1.370163 0.12504578
1.3666229 0.20881653
1.2950745 0.18096924
1.2308197 0.16685486
2.7453613 0.05897522
2.8773956 0.12518311
2.9066772 0.10385132
3.2401581 0.13168335
1.9172668 0.27186584
2.5289917 0.32191467
2.6662292 0.17573547
1.876709 0.4188385
1.9127808 0.049194336
1.4063416 0.21360779
2.8372192 0.17024231
2.0865021 0.17694092
1.8188477 0.11177063
2.6095581 0.30036926
2.8372498 0.20654297
3.1826172 0.2023468
2.5485687 0.11366272
1.5569458 0.11915588
2.2637482 0.0019073486
3.0736237 0.04196167
2.4532013 0.009552002
2.5346222 0.10368347
3.2214508 0.25575256
2.9309692 0.13842773
2.6967621 0.1418457
3.2021484 0.098770142
3.796051 0.18721008
3.1763 0.083435059
2.8975983 0.29145813
3.7727051 0.07019043
3.30513 0.27099609
3.7384949 0.14772034
3.9204559 0.12774658
3.8388367 0.16566467
4.0359955 0.058639526
4.194809 0.097167969
3.5760956 0.19458008
3.1523895 0.068511963
3.8551331 0.19804382
4.0486603 0.079727173
4.3412933 0.15927124
4.7069244 0.38687134
4.4198608 0.16744995
4.2624359 0.029968262
3.7440186 0.23681641
4.6775055 0.044921875
3.4793396 0.23431396
3.7811127 0.26031494
3.5491333 0.2802887
3.6069336 0.20768738
4.5530396 0.12220764
4.1996765 0.37147522
3.4978638 0.072860718
4.1351929 0.20318604
4.3014374 0.00054931641
5.2496948 0.10174561
4.6687622 0.16194153
5.1325378 0.15960693
5.6569214 0.1000061
5.5982513 0.12739563
5.1824188 0.2628479
5.0434265 0.057632446
6.2589569 0.18287659
5.1681366 0.023269653
6.3514709 0.093139648
5.6659241 0.16027832
5.0187988 0.43432617
5.5969086 0.17114258
5.650238 0.073379517
5.0584259 0.22143555
4.6316681 0.0068969727
4.8385773 0.21376038
5.5448456 0.16156006
5.5534058 0.2537384
5.2515259 0.15267944
5.9196167 0.053939819
4.9162903 0.34765625
6.2990417 0.37080383
5.4224243 0.26818848
5.6048279 0.23251343
5.2850952 0.059371948
4.3653564 0.23950195
4.826355 0.38572693
5.18367 0.39619446
5.5240936 0.099563599
5.4521179 0.18762207
4.9163361 0.26345825
4.5233307 0.083251953
5.5414886 0.27201843
5.2467651 0.19056702
5.244339 0.43408203
4.7311249 0.2973175
5.2686157 0.17259216
5.8731995 0.21784973
6.5512238 0.23202515
6.0046997 0.058319092
6.5848999 0.26487732
5.0863342 0.5025177
6.0584412 0.18162537
6.7120514 0.22938538
5.9507599 0.10743713
6.0618134 0.21438599
5.7867432 0.1023407
5.3720398 0.057571411
5.6606598 0.081420898
6.963913 0.11962891
5.8098755 0.022888184
6.6343384 0.0574646
5.5634613 0.11027527
5.0910339 0.01663208
5.2557526 0.11695862
6.7389526 0.22140503
7.2466125 0.025436401
6.9131012 0.23257446
5.630127 0.47891235
6.0384521 0.25624084
6.4849091 0.20578003
6.7718658 0.28051758
8.3379517 0.40821838
7.6337585 0.2819519
7.4432526 0.33956909
7.1149292 0.47271729
8.296936 0.16992188
8.0822906 0.25177002
6.9540405 0.30307007
7.9827423 0.13945007
7.4251556 0.20205688
7.5060425 0.24440002
7.9955444 0.15631104
7.6847687 0.097595215
9.3867798 0.047592163
8.5634613 0.074707031
8.1110992 0.10668945
7.8081207 0.2588501
9.2839661 0.047439575
8.3762817 0.35746765
8.5414734 0.11807251
8.4660492 0.30116272
9.003067 0.17160034
8.9990845 0.068954468
8.3222351 0.085189819
8.4199829 0.17741394
9.4288788 0.035003662
7.9250183 0.094009399
8.9502258 0.1293335
8.7825317 0.19142151
8.3059387 0.01020813
8.269104 0.10043335
9.7677765 0.19802856
9.4812622 0.23744202
8.4853058 0.23429871
8.9788208 0.16778564
9.1700287 0.31735229
9.1340485 0.066177368
8.9419861 0.11875916
8.5886841 0.25221252
8.5505981 0.24407959
8.4066315 0.15003967
8.9377136 0.21406555
10.050995 0.1966095
10.455383 0.0082550049
10.192596 0.15516663
9.7118073 0.17631531
11.23732 0.21130371
10.217178 0.0080413818
9.9725647 0.22840881
9.980896 0.12225342
9.1145935 0.043670654
9.7233429 0.029556274
9.5363007 0.18547058
9.7739105 0.024887085
11.603134 0.12554932
10.496857 0.085281372
10.344757 0.2277832
10.228546 0.037658691
10.41626 0.09135437
11.058197 0.31863403
10.158478 0.1415863
10.365524 0.13703918
11.06427 0.18751526
12.075684 0.10424805
11.60408 0.035324097
11.551895 0.010482788
10.840942 0.11959839
11.960632 0.30181885
10.886978 0.24134827
11.313553 0.051269531
11.361633 0.15438843
10.930099 0.19903564
11.351593 0.11685181
11.057556 0.13163757
11.132446 0.31234741
12.061966 0.33154297
11.675842 0.034133911
10.942642 0.15982056
12.181778 0.052383423
10.550781 0.019241333
11.109604 0.66886902
11.830765 0.35751343
11.597809 0.098190308
12.315689 0.29949951
10.99617 0.70832825
11.766434 0.10073853
11.937256 0.4041748
12.517212 0.42300415
13.236938 0.80871582
11.551758 0.53912354
12.085632 0.34521484
11.787735 0.51119995
11.814148 0.25997925
11.511887 0.31242371
11.402496 0.26261902
11.439941 0.30618286
11.88562 0.29786682
11.212845 0.27735901
12.370636 0.33113098
12.06929 0.8770752
12.129822 0.19223022
12.645966 0.13494873
12.025574 0.45153809
12.134628 0.21858215
12.744171 0.15167236
10.863144 0.13388062
12.121399 0.146698
12.085083 0.2550354
12.437073 0.42956543
12.066193 0.36177063
11.972351 0.58961487
11.984543 0.32794189
12.114136 0.52862549
11.98439 0.051101685
12.929977 0.26116943
12.714371 0.29403687
13.201599 0.37182617
12.011856 0.36735535
12.223816 0.09815979
12.38266 0.24502563
11.903397 0.2305603
12.304306 0.3651123
12.454041 0.11465454
11.983215 0.41963196
12.530029 0.07673645
12.999146 0.30148315
12.509125 0.20507812
12.709076 0.053222656
13.163635 0.33833313
11.844437 0.40065002
12.283661 0.035583496
12.750412 0.29492188
12.300323 0.029586792
12.380722 0.059265137
12.033173 0.16822815
12.593185 0.1398468
12.50174 0.25765991
12.23262 0.0020599365
11.740051 0.014450073
12.659439 0.049285889
12.575562 0.18234253
11.841705 0.17996216
12.77948 0.01335144
12.684158 0.15551758
12.011719 0.054702759
12.683411 0.32092285
12.701416 0.34553528
13.419067 0.42103577
12.396454 0.10826111
12.398285 0.15841675
13.162567 0.039657593
12.223175 0.38336182
13.079498 0.40748596
12.947922 0.034072876
12.642456 0.21852112
11.901489 0.04057312
13.089539 0.033569336
13.866211 0.20921326
12.814636 0.085525513
14.282593 0.26725769
14.279053 0.29959106
14.105698 0.41696167
13.282166 0.30329895
12.475998 0.22389221
14.11232 0.064559937
13.24176 0.036834717
15.495865 0.24668884
14.254715 0.37277222
13.957703 0.18231201
15.564255 0.10700989
14.059616 0.39102173
14.328949 0.086639404
14.737579 0.31161499
15.782715 0.097824097
15.999191 0.12789917
16.917297 0.10173035
17.85025 0.16105652
17.230743 0.056915283
17.358063 0.059249878
17.881622 0.19474792
17.011551 0.20378113
17.021545 0.19241333
17.285828 0.3261261
16.752701 0.20196533
17.405823 0.11772156
17.212585 0.254776
16.903534 0.15858459
17.24823 0.057434082
17.344147 0.24972534
18.428284 0.03666687
17.290863 0.26376343
17.612289 0.29975891
18.478226 0.24447632
18.178711 0.34960938
19.272324 0.14506531
17.407669 0.15054321
17.749161 0.090209961
17.65564 0.029006958
19.054367 0.023483276
17.937408 0.30183411
18.876068 0.36468506
18.813538 0.12980652
18.979202 0.4105835
18.98381 0.27185059
19.306992 0.30656433
18.922058 0.33164978
18.61644 0.11424255
19.052795 0.23828125
18.478897 0.078277588
18.003357 0.34446716
18.685623 0.39201355
19.277832 0.15927124
18.929504 0.10223389
18.148422 0.16958618
20.918518 0.133255
19.283112 0.12355042
20.346115 0.30462646
19.907776 0.33627319
18.654022 0.24517822
19.064911 0.15670776
18.658112 0.35020447
19.169586 0.45291138
19.680054 0.19328308
19.609207 0.34336853
20.325989 0.17103577
19.781448 0.30982971
20.647156 0.031311035
20.080109 0.27302551
20.795502 0.31092834
19.99762 0.20117188
19.614243 0.11886597
19.529984 0.1759491
20.810318 0.21913147
20.375778 0.14328003
21.539276 0.0091094971
20.094162 0.29486084
19.819031 0.38832092
20.276627 0.02281189
20.659897 0.065551758
20.437439 0.45735168
21.154846 0.28305054
21.910339 0.26396179
20.186813 0.025772095
20.55394 0.047744751
20.21846 0.1081543
20.231415 0.088439941
20.989044 0.056793213
21.337845 0.1476593
21.698318 0.1729126
21.334534 0.033096313
22.123688 0.15400696
21.515915 0.053405762
22.092346 0.10603333
22.037735 0.019317627
22.558609 0.071212769
24.42868 0.032348633
23.232086 0.06161499
22.807861 0.039169312
23.446777 0.13130188
21.570923 0.29011536
21.345001 0.075256348
23.19426 0.12895203
24.17131 0.092071533
22.316727 0.0083770752
23.262238 0.087936401
22.459747 0.064941406
23.93248 0.067276001
24.040771 0.17315674
22.579041 0.08984375
23.933533 0.17108154
24.507507 0.077575684
23.929871 0.11976624
24.005234 0.14916992
23.426376 0.1260376
23.65094 0.02911377
24.381134 0.03843689
24.19873 0.19306946
24.476318 0.19174194
23.446487 0.063903809
24.599594 0.061538696
24.864243 0.26806641
24.422699 0.22190857
23.581863 0.16423035
25.295807 0.21255493
24.701477 0.13818359
25.590683 0.20111084
24.924713 0.23309326
26.039337 0.15148926
24.70694 0.044769287
25.472229 0.23225403
26.408478 0.027557373
25.987503 0.011276245
26.071671 0.23353577
25.394852 0.34854126
25.799469 0.33337402
24.552292 0.24859619
27.201447 0.15586853
25.9552 0.029663086
25.201447 0.083572388
26.207458 0.52342224
26.313995 0.069854736
25.618515 0.029678345
26.093155 0.060699463
25.794479 0.018249512
27.513489 0.049438477
26.101379 0.28483582
25.858704 0.081344604
25.635315 0.15797424
26.743118 0.20837402
26.603134 0.34536743
26.678955 0.2931366
26.672531 0.16572571
26.863708 0.28257751
28.120193 0.14022827
27.209717 0.25248718
27.598831 0.42196655
28.362961 0.40202332
28.986267 0.33081055
27.560303 0.37583923
27.566925 0.15284729
28.073196 0.068237305
27.973511 0.0035095215
26.681534 0.15734863
25.861923 0.1464386
25.254318 0.21801758
26.566498 0.30032349
27.657394 0.20339966
26.915802 0.055725098
27.839417 0.19694519
28.573029 0.016998291
27.63623 0.050964355
26.939209 0.23471069
28.200974 0.11947632
27.548126 0.08782959
27.728745 0.13589478
28.324036 0.075332642
27.807983 0.056533813
27.85202 0.13899231
28.111084 0.16622925
28.093781 0.010192871
27.973785 0.00079345703
27.188644 9.1552734e-05
28.325699 0.041610718
28.151794 0.031021118
29.435242 0.27442932
27.448257 0.08253479
28.769073 0.068008423
28.706894 0.1769104
27.816406 0.062789917
28.552704 0.27046204
29.379379 0.09803772
28.435364 0.11746216
28.994888 0.23019409
28.457108 0.043014526
29.981171 0.34992981
29.664215 0.30863953
28.91716 0.084350586
29.676224 0.07824707
28.87677 0.084259033
29.414001 0.095153809
27.739929 0.0040588379
29.608154 0.03503418
28.684708 0.52197266
28.313354 0.20193481
29.207748 0.34446716
28.883362 0.10696411
29.892776 0.12878418
29.242432 0.38581848
29.109283 0.095123291
29.559982 0.54476929
29.367111 0.35472107
29.019684 0.067443848
29.590042 0.17868042
30.578186 0.044174194
28.755188 0.50718689
30.315399 0.15652466
31.753891 0.56828308
29.157455 0.3618927
28.849548 0.44380188
30.26152 0.14375305
30.313553 0.11946106
30.842728 0.61151123
30.502136 0.36355591
29.941986 0.42427063
31.40361 0.3757782
30.953552 0.1690979
30.823792 0.13420105
29.939972 0.24603271
28.952072 0.23731995
31.435928 0.15663147
31.134705 0.12353516
31.07283 0.42408752
29.649689 0.53536987
30.636978 0.47857666
31.311829 0.33331299
31.372131 0.4197998
29.880295 0.58171082
31.184402 0.33631897
31.80899 0.46490479
32.514877 0.4402771
31.998474 0.49638367
30.70787 0.30517578
32.716827 0.42997742
31.577087 0.44000244
31.590179 0.63768005
33.080658 0.22244263
31.570877 0.39826965
31.886612 0.62145996
31.158447 0.33241272
31.272827 0.29972839
31.612549 0.17573547
31.404282 0.31350708
31.628647 0.44422913
31.933762 0.19630432
32.657639 0.81411743
31.992996 0.69813538
31.502213 0.42298889
31.772781 0.36209106
34.078888 0.56582642
31.927444 0.53999329
32.916473 0.28196716
32.161469 0.60565186
31.96907 0.67433167
32.66539 0.67684937
31.612671 0.40556335
32.84285 0.66952515
31.124573 0.42572021
31.497513 0.22221375
31.937332 0.46946716
31.323212 0.47598267
32.744888 0.193573
32.745377 0.39735413
31.987122 0.58247375
32.083496 0.39826965
31.324966 0.2388916
30.801651 0.61959839
30.951874 0.7774353
32.207489 0.31811523
32.170013 0.3678894
32.846313 0.26113892
32.394165 0.54978943
32.368546 0.35797119
33.050964 0.19934082
33.88562 0.29026794
32.871262 0.34147644
31.580841 0.29051208
33.822617 0.44075012
33.851425 0.40324402
32.572968 0.49537659
32.984802 0.43870544
33.624161 0.38285828
34.9655 0.63069153
34.407486 0.52400208
34.316498 0.78053284
34.128784 0.5587616
32.997391 0.37454224
32.631073 0.28390503
34.318375 0.56251526
33.423752 0.25617981
33.931549 0.57077026
33.185486 0.41874695
32.575928 0.27755737
32.718918 0.53398132
34.010468 0.31231689
33.720398 0.44847107
34.357178 0.45793152
34.564636 0.26513672
33.72049 0.26367188
34.716553 0.34341431
33.672379 0.70375061
32.627136 0.00094604492
33.708435 0.72622681
32.515564 0.39328003
33.384583 0.33525085
34.360031 0.32543945
34.471924 0.16007996
34.521072 0.31021118
34.33075 0.22045898
34.216003 0.42677307
33.003754 0.29766846
34.433899 0.26409912
34.250671 0.2197876
35.321701 0.51104736
34.154831 0.36479187
34.590195 0.31756592
34.446304 0.4526825
33.537842 0.49975586
34.847351 0.39637756
34.02095 0.40109253
34.069168 0.36549377
35.04071 0.1290741
33.62027 0.14163208
35.089417 0.38006592
34.460785 0.2179718
34.477066 0.46879578
34.689926 0.39903259
34.931885 0.40357971
36.289261 0.17015076
36.019287 0.40118408
34.296844 0.48274231
36.050385 0.46356201
34.335632 0.50758362
34.335556 0.41990662
33.670349 0.13023376
34.63295 0.33145142
34.735184 0.4493866
36.023361 0.28007507
34.895142 0.5269928
34.391205 0.59799194
33.700378 0.55506897
34.356934 0.42192078
33.551651 0.26622009
34.777603 0.42849731
36.979416 0.05456543
35.374054 0.022018433
35.43631 0.11775208
35.406067 0.27679443
34.57811 0.23989868
35.714905 0.4304657
34.829803 0.090682983
35.547165 0.38201904
34.884445 0.12901306
35.213181 0.038909912
35.009369 0.31719971
35.928665 0.1072998
35.858185 0.17601013
36.519897 0.32342529
35.845398 0.32373047
36.47345 0.40635681
35.211975 0.17471313
35.867493 0.25645447
37.286316 0.62680054
36.607864 0.14256287
35.587296 0.44593811
36.356293 0.14028931
36.050003 0.4934845
35.65567 0.13237
36.001984 0.49406433
37.529266 0.49543762
35.85495 0.16601562
36.385315 0.86100769
36.884354 0.5188446
37.283997 0.5088501
36.342957 0.546875
36.380386 0.64892578
36.271667 0.56002808
37.177933 0.35157776
35.994034 0.69241333
37.551697 0.33239746
36.381882 0.28204346
37.221863 0.46717834
37.492218 0.5316925
36.574036 0.1282959
35.801163 0.26585388
36.031525 0.29067993
35.918411 0.1787262
36.834106 0.20455933
37.356827 0.062789917
35.647263 0.27627563
35.904419 0.16120911
36.893982 0.5435791
37.364777 0.069763184
36.457748 0.12846375
38.184387 0.37849426
37.804337 0.19981384
38.126053 0.47683716
37.773178 0.29171753
36.691498 0.2918396
37.284744 0.28248596
37.921219 0.47012329
37.964813 0.47224426
37.963791 0.25305176
37.493195 0.14849854
38.23613 0.066558838
37.641876 0.43751526
36.925522 0.36242676
38.299744 0.5574646
36.599304 0.27700806
37.56868 0.29229736
37.256165 0.2755127
37.965973 0.40060425
37.381027 0.41546631
39.143433 0.58303833
38.277267 0.36076355
38.360199 0.21963501
38.37558 0.1943512
38.275452 0.4226532
38.69635 0.52554321
38.391708 0.40278625
39.172852 0.46194458
37.615524 0.47288513
37.595352 0.26133728
38.600296 0.39276123
38.237457 0.3555603
38.474991 0.30271912
39.418488 0.43186951
38.715042 0.0020446777
39.29039 0.12516785
39.155411 0.45648193
37.880966 0.43170166
37.949875 0.41160583
37.914566 0.31069946
38.327011 0.21769714
38.773743 0.39006042
39.177032 0.47096252
39.324356 0.43254089
39.120346 0.58460999
38.514236 0.23036194
39.032043 0.39024353
38.937012 0.43226624
38.574768 0.39923096
39.526718 0.49127197
38.598633 0.37654114
39.596405 0.63809204
39.765701 0.65206909
39.797058 0.45440674
38.624878 0.14802551
39.878342 0.42088318
38.74765 0.42991638
39.317596 0.16755676
39.960876 0.18634033
38.648895 0.1204071
38.580627 0.19090271
38.903915 0.56976318
39.164444 0.25375366
38.571625 0.59049988
39.494278 0.67216492
38.428177 0.4070282
38.942871 0.32858276
38.924088 0.45199585
38.761307 0.59805298
39.016037 0.45913696
39.739731 0.30519104
39.757065 0.48686218
39.943909 0.38667297
39.075424 0.61708069
40.028885 0.0069885254
39.575546 0.51445007
38.871078 0.37182617
39.932129 0.48268127
38.375534 0.59259033
39.206848 0.096374512
38.432602 0.67063904
39.945251 0.42320251
40.052185 0.50537109
40.439453 0.33190918
39.442322 0.51133728
38.356842 0.57232666
39.36235 0.35469055
39.243225 0.42599487
39.351212 0.37229919
40.124115 0.47564697
39.802185 0.50952148
39.921921 0.65428162
39.499664 0.43197632
41.491821 0.50268555
39.963135 0.62342834
40.156189 0.55172729
41.161484 0.65626526
41.181717 0.5798645
40.285904 0.50831604
39.186722 0.76264954
41.257904 0.43547058
41.205231 0.60914612
40.618591 0.29541016
41.601608 0.45054626
39.565872 0.42857361
40.105896 0.25665283
40.039795 0.42584229
40.080521 0.24359131
41.640747 0.58978271
40.60228 0.41137695
41.02153 0.36160278
40.702179 0.33766174
40.129425 0.46105957
40.993881 0.55351257
40.994003 0.57852173
40.858719 0.44546509
41.896301 0.32070923
42.02739 0.52380371
42.266907 0.36830139
41.266922 0.34970093
41.269562 0.011825562
41.739044 0.579422
41.669159 0.34828186
41.501633 0.31973267
42.223175 0.4095459
41.0802 0.39479065
40.569702 0.0086517334
41.190582 0.34603882
43.05629 0.15478516
41.64621 0.30267334
42.649155 0.24755859
41.610229 0.29391479
42.142349 0.1927948
41.750427 0.42294312
42.239624 0.0056915283
41.285995 0.33544922
42.066086 0.30093384
42.400711 0.24577332
40.725891 0.05090332
43.241776 0.25840759
42.447662 0.38336182
41.804993 0.37130737
42.425903 0.4407959
41.919846 0.26043701
42.701767 0.014328003
41.695724 0.1680603
43.409897 0.1963501
42.548828 0.32470703
42.753815 0.13882446
42.947021 0.28390503
42.499191 0.121521
43.645569 0.20388794
41.509384 0.10734558
42.214417 0.19509888
42.842575 0.22018433
42.807678 0.14352417
42.239792 0.19281006
42.0979 0.30374146
43.360931 0.09413147
43.355911 0.14379883
42.390076 0.17102051
43.480957 0.39903259
43.502396 0.37141418
43.083252 0.43164062
43.248856 0.27359009
42.915588 0.16679382
42.837769 0.20327759
43.840546 0.19515991
43.326477 0.42927551
41.749344 0.37721252
43.420349 0.29927063
42.33255 0.45307922
43.605774 0.15782166
43.5271 0.26551819
43.093491 0.25558472
41.795288 0.64730835
43.001205 0.40380859
42.066772 0.39715576
41.877869 0.47827148
43.595322 0.10960388
42.289337 0.27575684
43.131165 0.16830444
41.915009 0.24713135
41.841431 0.13708496
43.530304 0.13214111
43.111984 0.19906616
44.587677 0.54318237
43.941147 0.37176514
43.417206 0.24468994
44.364059 0.28572083
43.493744 0.53381348
43.496094 0.33854675
42.278915 0.39489746
42.585724 0.58242798
43.691925 0.20558167
42.442078 0.17822266
43.322052 0.29841614
43.286438 0.22013855
42.930557 0.21881104
42.688034 0.40904236
43.548615 0.41798401
43.449692 0.15853882
44.111877 0.24090576
44.908157 0.22114563
44.042908 0.27224731
44.16571 0.21606445
43.580429 0.47200012
44.173477 0.24334717
43.422729 0.2479248
43.858109 0.29858398
43.780029 0.13269043
43.585159 0.31292725
44.000778 0.42254639
43.33255 0.25416565
44.372147 0.22528076
43.867462 0.41169739
43.958313 0.10914612
43.504868 0.21742249
42.917725 0.22142029
43.833557 0.28123474
43.687561 0.37063599
43.541611 0.29992676
43.666 0.0061798096
44.710693 0.25366211
43.940262 0.22990417
44.348541 0.01348877
44.135056 0.20840454
44.849884 0.16421509
44.832214 0.0063476562
44.229538 0.059127808
44.669357 0.006362915
44.922028 0.30065918
44.645004 0.096237183
44.723068 0.11650085
44.963074 0.045455933
45.467834 0.20352173
44.180084 0.19747925
46.247742 0.29721069
45.842834 0.57171631
44.189316 0.42936707
44.483215 0.27093506
44.54689 0.1806488
44.801865 0.24151611
45.072586 0.32594299
45.936447 0.19989014
45.96138 0.17863464
45.70253 0.29156494
44.878784 0.058746338
45.321579 0.18052673
46.071579 0.38905334
44.741898 0.20306396
45.384033 0.32174683
45.069443 0.0069885254
45.530823 0.085830688
45.991486 0.12258911
45.933212 0.069198608
46.061584 0.57945251
46.079605 0.17393494
45.779724 0.2376709
46.426437 0.60438538
46.572327 0.25971985
45.179138 0.41020203
46.677414 0.31159973
46.50502 0.26087952
47.405411 0.25674438
46.73645 0.19636536
46.307281 0.25622559
48.024963 0.020965576
47.628128 0.25088501
45.324799 0.042419434
46.934906 0.2618103
47.095016 0.6335144
46.942139 0.17895508
46.533463 0.22549438
48.233795 0.15422058
48.278015 0.04901123
48.383804 0.10826111
48.653732 0.36791992
46.903992 0.12994385
47.466171 0.41896057
47.416458 0.45378113
47.858109 0.35192871
47.370285 0.42163086
48.852478 0.15112305
48.488342 0.34597778
48.872559 0.22169495
48.143051 0.15797424
48.042633 0.021148682
48.187149 0.15847778
48.034668 0.10687256
47.841583 0.32333374
48.434982 0.45726013
47.972168 0.31718445
49.249985 0.00730896
47.380447 0.0018768311
48.832291 0.31256104
48.949585 0.42129517
47.972427 0.23092651
47.349854 0.43067932
49.010803 0.22181702
48.116013 0.15274048
48.910767 0.3601532
48.600418 0.08480835
48.940353 0.44549561
48.553574 0.062545776
48.927399 0.1726532
48.739319 0.11427307
48.61142 0.20617676
49.218002 0.28794861
48.784927 0.12911987
48.932083 0.24833679
48.167831 0.27835083
48.212738 0.098114014
50.384094 0.20445251
50.243958 0.25875854
49.21022 0.13085938
50.281921 0.023086548
50.276367 0.10140991
49.873001 0.09286499
50.034073 0.11891174
51.257904 0.34326172
50.70874 0.32676697
50.483154 0.42105103
50.739868 0.37969971
52.304321 0.36276245
51.120911 0.2558136
52.653976 0.2877655
52.140793 0.39361572
51.5961 0.21702576
52.55899 0.44158936
52.434036 0.33326721
52.126846 0.24754333
52.360199 0.13615417
52.344193 0.20306396
51.012589 0.054748535
52.183899 0.52584839
52.323792 0.36540222
50.802505 0.62779236
50.851929 0.15853882
51.930359 0.10028076
51.557083 0.19267273
52.452225 0.079589844
51.862244 0.059890747
52.114151 0.14007568
52.445984 0.0965271
52.3694 0.042572021
51.383209 0.20066833
53.587051 0.13290405
50.585449 0.41870117
51.754135 0.009979248
52.889618 0.016052246
52.592743 0.20159912
50.500122 0.12875366
52.520767 0.16467285
52.630325 0.038879395
51.908585 0.21409607
53.182022 0.2301178
53.578827 0.030853271
52.265518 0.22181702
52.499985 0.087997437
53.419464 0.19625854
52.217834 0.092132568
52.302292 0.13894653
53.116821 0.13343811
51.885284 0.1269989
52.9104 0.0040588379
52.992889 0.17419434
52.299271 0.3941803
53.142212 0.10606384
53.892349 0.44619751
53.079681 0.15718079
54.543777 0.025268555
53.151688 0.05607605
52.946609 0.31869507
53.335358 0.19654846
52.125305 0.0012054443
52.449768 0.022918701
53.028656 0.14892578
54.767929 0.059326172
53.859039 0.36941528
52.739426 0.23439026
54.113297 0.010375977
53.603302 0.050765991
54.009155 0.096481323
53.498337 0.13970947
53.822632 0.13375854
53.656311 0.10848999
53.891342 0.11204529
54.450073 0.1865387
53.923706 0.098556519
53.991608 0.43789673
53.193283 0.18644714
53.817413 0.3427887
53.006531 0.19625854
53.236511 0.21032715
53.015701 0.11764526
53.931992 0.30233765
53.318008 0.019760132
53.169479 0.097320557
52.838165 0.25469971
53.475342 0.058685303
53.376938 0.08190918
54.104797 0.19287109
54.791336 0.27484131
54.977631 0.09437561
55.852417 0.16629028
55.516602 0.028381348
54.730499 0.3099823
54.329926 0.37376404
54.893997 0.074539185
54.266159 0.42478943
54.035019 0.077041626
53.920044 0.18955994
53.409698 0.147995
52.650681 0.083694458
54.286072 0.396698
54.997604 0.1197052
54.356522 0.10134888
54.44278 0.30653381
54.136581 0.36805725
54.622696 0.4601593
55.263 0.35942078
53.624451 0.074554443
54.524017 0.37176514
54.113815 0.16026306
54.974777 0.40950012
55.665161 0.80491638
55.539505 0.39701843
54.263748 0.20246887
54.657471 0.17126465
54.863617 0.16539001
54.396393 0.010299683
54.520187 0.12336731
54.84613 0.25112915
54.912155 0.31361389
54.6082 0.52030945
56.189178 0.12646484
55.156265 0.15913391
54.809402 0.43470764
54.859482 0.010025024
54.633713 0.36784363
56.166946 0.015060425
55.715851 0.14920044
56.014496 0.040512085
55.033981 0.047821045
55.64418 0.51080322
55.235809 0.29730225
55.532288 0.34106445
56.789017 0.21472168
55.435974 0.15434265
55.312958 0.43458557
56.223434 0.050704956
56.766663 0.14691162
56.045853 0.11947632
56.103851 0.15686035
55.522278 0.094207764
55.021378 0.25587463
56.181137 0.34747314
55.579285 0.46350098
56.058807 0.046096802
56.419815 0.306427
56.016312 0.077636719
56.103607 0.046417236
56.172516 0.059127808
55.795029 0.12609863
55.850037 0.13920593
56.765228 0.27694702
55.594864 0.044250488
56.58313 0.051498413
56.256531 0.25267029
55.430832 0.16706848
56.701187 0.37956238
56.37999 0.1318512
55.448807 0.19972229
56.270859 0.097473145
56.790466 0.29525757
55.934311 0.20059204
56.456268 0.17593384
56.924988 0.014801025
56.253235 0.089889526
56.836487 0.35882568
56.53685 0.0061340332
56.536057 0.0064849854
56.176437 0.23052979
56.83342 0.15083313
56.918762 0.078857422
57.163177 0.11898804
57.24202 0.019973755
57.34259 0.27851868
57.23674 0.0081329346
57.169296 0.19560242
57.811707 0.27035522
56.475037 0.11593628
55.863907 0.13520813
56.81044 0.40222168
57.053467 0.28797913
57.201538 0.079116821
56.88092 0.13290405
57.518539 0.026519775
57.653214 0.11306763
58.589172 0.11639404
59.93988 0.093704224
59.972061 0.30003357
59.741898 0.27931213
60.104904 0.30111694
59.547958 0.099609375
58.912247 0.20913696
58.916153 0.15240479
58.801727 0.241745
59.444229 0.077713013
59.412201 0.095718384
59.817139 0.19303894
59.872406 0.0011749268
58.815628 0.21388245
60.068893 0.24487305
58.963943 0.26251221
59.435669 0.21897888
58.887512 0.14030457
59.399994 0.015914917
59.48584 0.02192688
60.186264 0.42912292
59.987366 0.37796021
60.182648 0.070877075
59.733627 0.10736084
59.468613 0.092086792
59.009598 0.24118042
60.265381 0.0039215088
59.564087 0.032577515
59.426697 0.14562988
60.182968 0.38926697
60.332458 0.2101593
60.113068 0.14775085
59.948059 0.10769653
60.262604 0.20365906
60.123825 0.22392273
60.425385 0.29847717
59.429901 0.18600464
60.047379 0.20724487
61.058228 0.13581848
60.41217 0.1726532
61.105286 0.42817688
60.019058 0.08241272
60.258163 0.46102905
59.636292 0.40402222
60.133408 0.1612854
59.648834 0.19223022
60.699585 0.21937561
60.183212 0.22540283
60.75293 0.2412262
60.041992 0.14233398
60.760635 0.21382141
59.873795 0.12043762
60.725449 0.20333862
60.605606 0.45516968
60.095947 0.00036621094
60.835602 0.36769104
60.496841 0.4103241
60.181015 0.093811035
61.175156 0.22845459
61.262238 0.27749634
60.31337 0.20631409
60.543808 0.23770142
61.09906 0.093017578
60.492172 0.15328979
60.67218 0.1109314
61.313828 0.17544556
60.829422 0.13777161
60.994583 0.16494751
60.930252 0.42660522
61.990616 0.43978882
62.698059 0.18876648
61.941833 0.23420715
62.140411 0.26802063
63.807983 0.42401123
64.20694 0.21247864
62.065582 0.034133911
63.585678 0.35955811
63.143982 0.094482422
63.510605 0.42193604
64.39798 0.19772339
62.948471 0.44065857
63.922157 0.34223938
64.566704 0.25469971
63.958344 0.12115479
64.723282 0.39518738
64.823944 0.16468811
64.783661 0.45324707
64.992188 0.44451904
65.14621 0.17785645
64.039635 0.15299988
64.151611 0.19406128
65.289391 0.18029785
66.024323 0.14930725
64.680717 0.11164856
64.937149 0.0086364746
64.451767 0.0048980713
65.028877 0.081817627
64.797203 0.29519653
64.249283 0.28614807
64.730904 0.089233398
65.728638 0.071365356
65.107803 0.39486694
66.06395 0.27388
65.651886 0.063034058
65.705826 0.27534485
65.959244 0.15310669
65.528091 0.13682556
65.571503 0.10603333
65.594696 0.020965576
66.09771 0.11236572
66.026993 0.16122437
65.232025 0.21337891
65.415337 0.11477661
66.131645 0.13829041
64.691078 0.011306763
66.025391 0.18742371
66.161079 0.092056274
65.931412 0.011810303
66.139946 0.028121948
65.294472 0.19927979
65.391602 0.035446167
65.707466 0.071533203
65.866104 0.21188354
66.191391 0.0075836182
66.153984 0.14083862
66.398872 0.18109131
66.600357 0.0206604
66.614922 0.017868042
66.315582 0.040283203
66.52108 0.20574951
66.86496 0.04196167
67.335815 0.34831238
66.258858 0.064407349
65.963219 0.092025757
66.873291 0.065383911
66.951431 0.13659668
66.955826 0.27850342
66.063751 0.51530457
67.281479 0.26695251
68.165543 0.38070679
66.428101 0.26315308
66.522621 0.35830688
67.408745 0.19563293
66.567017 0.053909302
67.231796 0.33474731
67.273087 0.43251038
67.418495 0.37094116
67.097015 0.39842224
67.661674 0.43917847
66.861534 0.055725098
67.65036 0.20179749
67.990547 0.15808105
68.080864 0.18431091
68.255859 0.42034912
67.851303 0.27487183
68.016045 0.090835571
67.371094 0.36450195
67.760811 0.29676819
66.986832 0.19920349
67.431763 0.484375
68.300171 0.29899597
68.309418 0.32528687
68.024818 0.31573486
67.464569 0.029525757
67.514862 0.38061523
67.35334 0.28005981
68.618759 0.33776855
67.947281 0.23458862
67.168282 0.030349731
67.828789 0.12265015
67.61776 0.44245911
68.415092 0.27230835
68.656281 0.034881592
68.353302 0.016296387
68.224136 0.055282593
68.774384 0.22566223
67.787598 0.12979126
68.858536 0.39888
68.225182 0.10333252
67.539848 0.5040741
67.555191 0.12846375
67.819649 0.32888794
68.695396 0.40322876
67.74543 0.0088806152
68.281898 0.15057373
68.480194 0.2787323
70.218536 0.1598053
68.531113 0.1963501
68.546875 0.44274902
67.766724 0.13052368
67.492706 0.10919189
68.371147 0.24105835
68.082993 0.46075439
68.511734 0.21923828
68.359772 0.071655273
68.279816 0.021972656
69.320312 0.17611694
69.45565 0.13822937
69.037231 0.088424683
68.155602 0.13726807
68.515907 0.18014526
68.556801 0.073532104
68.681732 0.34938049
69.703888 0.12744141
67.82328 0.13476562
69.355171 0.41505432
69.316757 0.11116028
68.684311 0.12054443
68.412338 0.17927551
68.451904 0.20300293
69.327965 0.16645813
68.778847 0.39207458
68.47184 0.50546265
68.449219 0.17987061
69.164688 0.21560669
69.472748 0.13414001
70.387733 0.27381897
69.412392 0.28985596
69.952095 0.15026855
70.431152 0.15344238
69.621063 0.046020508
69.95295 0.13563538
69.699585 0.2525177
69.78038 0.30419922
69.941437 0.032470703
70.100311 0.39334106
69.765678 0.28457642
69.708336 0.35070801
70.706367 0.35424805
70.100601 0.0026092529
71.099106 0.10017395
71.595596 0.42536926
70.833824 0.031509399
71.614365 0.041290283
72.624687 0.4564209
71.665367 0.078842163
71.082329 0.10572815
71.876129 0.1743927
70.922836 0.15661621
71.918442 0.075592041
71.674164 0.20228577
71.897652 0.57844543
72.634468 0.25892639
71.705109 0.19395447
71.405487 0.037719727
71.664276 0.40280151
72.613144 0.047302246
72.291122 0.18045044
72.501625 0.40492249
74.598663 0.0014343262
73.701691 0.083480835
74.407799 0.092285156
74.138336 0.1295166
74.764267 0.087600708
74.104111 0.42900085
74.566704 0.26182556
73.99234 0.30981445
74.702423 0.18733215
74.476372 0.24172974
73.539032 0.04069519
74.630089 0.0056915283
73.340836 0.21337891
74.336617 0.2837677
75.358398 0.28083801
74.994598 0.07371521
75.730469 0.33354187
74.472519 0.29217529
74.495728 0.31719971
74.204376 0.22605896
74.987221 0.11636353
74.84063 0.40771484
74.302216 0.33148193
75.502388 0.20011902
75.478813 0.31507874
76.041786 0.14195251
76.180573 0.037597656
74.050415 0.14169312
75.230171 0.13078308
75.644028 0.29603577
74.251656 0.1265564
74.438515 0.054962158
74.714005 0.35105896
75.286774 0.16937256
74.91703 0.034042358
74.357895 0.12567139
75.310493 0.1769104
75.390594 0.49447632
74.916153 0.4737854
76.279243 0.26080322
76.982437 0.19894409
75.493561 0.37394714
75.745941 0.40988159
76.221153 0.36909485
76.671455 0.13600159
75.94503 0.1661377
77.449448 0.36077881
75.95047 0.4581604
77.268295 0.24726868
77.513458 0.32220459
77.59478 0.37916565
77.516411 0.19735718
76.825912 0.51516724
77.486069 0.33343506
76.875153 0.16229248
76.835609 0.30888367
77.744621 0.38371277
76.103409 0.14297485
77.205215 0.10797119
78.048431 0.1986084
77.438515 0.0029907227
77.649864 0.38168335
77.367104 0.29089355
78.571945 0.31233215
78.519073 0.00016784668
78.344307 0.60525513
78.959244 0.11590576
79.036308 0.3963623
78.686752 0.26878357
77.899063 0.19161987
77.504242 0.19728088
77.415718 0.2820282
77.927528 0.25418091
77.334282 0.3351593
78.036423 0.42030334
77.893341 0.24688721
78.658836 0.35803223
78.93351 0.29682922
79.920319 0.31744385
79.439407 0.42980957
80.043159 0.059249878
78.346474 0.12643433
78.901093 0.089172363
78.254486 0.0068511963
79.365143 0.28366089
79.467705 0.18539429
78.645905 0.55279541
79.317673 0.24816895
78.620689 0.15400696
79.754715 0.21426392
77.932457 0.15040588
79.226501 0.228302
79.70163 0.095031738
80.223595 0.49005127
79.566391 0.034210205
80.016174 0.33827209
81.321465 0.14503479
77.993263 0.14273071
78.216606 0.12896729
78.880096 0.024230957
78.936874 0.0020446777
78.834152 0.10623169
79.97403 0.0054779053
79.17025 0.01109314
79.792931 0.3256073
80.910454 0.25868225
79.857895 0.1386261
79.478676 0.019348145
79.035721 0.10751343
80.407776 0.3243103
79.707169 0.26283264
79.828072 0.19888306
80.272667 0.23695374
79.775101 0.1743927
79.180809 0.26763916
79.457657 0.002746582
80.131355 0.037200928
80.596367 0.21624756
79.144913 0.010971069
80.725121 0.13949585
80.688789 0.17495728
80.15107 0.32621765
81.498528 0.017959595
81.506569 0.042800903
82.143585 0.12091064
80.376656 0.41908264
80.035072 0.58369446
80.931664 0.14828491
81.873505 0.13206482
82.650078 0.03225708
82.020683 0.12037659
81.435898 0.080474854
82.225166 0.10606384
82.338165 0.22894287
82.936707 0.30578613
82.201462 0.05229187
82.213326 0.21856689
82.739777 0.060974121
82.694283 0.044403076
82.392265 0.029830933
82.101311 0.31137085
82.403 0.11186218
82.190132 0.054962158
82.513611 0.035873413
81.444359 0.12239075
83.700844 0.032470703
83.384438 0.0065612793
83.433434 0.20301819
82.445076 0.049545288
83.967255 0.067230225
84.144196 0.335495
83.765465 0.084777832
83.367325 0.092666626
82.701424 0.067871094
83.204674 0.33569336
84.627945 0.086105347
83.378082 0.077209473
82.797798 0.063659668
82.642944 0.11346436
83.61657 0.1709137
83.394981 0.35760498
83.932434 0.19342041
83.96476 0.24874878
83.250862 0.14942932
82.841339 0.39559937
83.956741 0.09866333
84.13839 0.03527832
83.957321 0.1661377
84.483864 0.26037598
84.253639 0.44464111
84.979889 0.10971069
85.247711 0.042480469
83.582275 0.12249756
85.297073 0.15736389
86.25927 0.20910645
84.883087 0.14268494
84.740753 0.31277466
83.472992 0.17851257
84.582375 0.37484741
83.960617 0.1340332
83.741287 0.15278625
84.858101 0.33044434
84.369835 0.3719635
84.271812 0.33717346
84.628929 0.48960876
85.145264 0.13327026
85.066742 0.27319336
86.380127 0.16087341
84.443497 0.14387512
84.639526 0.047836304
85.074364 0.20396423
84.728111 0.15496826
84.985664 0.1275177
85.791412 0.011657715
84.857216 0.30500793
85.470802 0.15641785
86.134514 0.36209106
86.770302 0.21211243
86.707458 0.29922485
85.571342 0.094207764
86.634674 0.2948761
85.534485 0.17366028
86.768997 0.11479187
86.472374 0.46131897
87.104004 0.11351013
86.842224 0.19473267
88.081551 0.16467285
87.363136 0.067123413
86.703773 0.060562134
86.078117 0.018585205
86.082687 0.02746582
86.886848 0.055023193
87.09375 0.14395142
87.211403 0.12916565
87.277664 0.43714905
88.571259 0.46350098
86.712479 0.39175415
87.946014 0.48034668
87.391182 0.079406738
86.067924 0.1587677
86.971199 0.14955139
87.855743 0.21160889
88.565201 0.34738159
87.231247 0.011550903
87.282806 0.071868896
88.751923 0.40156555
87.305443 0.38291931
88.268379 0.29229736
88.257774 0.07119751
88.574829 0.18449402
89.656708 0.22807312
87.099998 0.32872009
87.803757 0.27801514
88.624474 0.25868225
89.850716 0.18844604
89.198967 0.16629028
88.680916 0.16465759
89.504517 0.42233276
88.546913 0.41267395
87.140869 0.28286743
88.468719 0.067504883
88.051529 0.24659729
87.739143 0.32202148
88.924568 0.1449585
88.024536 0.48196411
88.522736 0.48928833
87.462631 0.50743103
88.707428 0.25361633
87.406868 0.39225769
89.635773 0.32885742
89.287247 0.2315979
88.086823 0.016784668
88.902596 0.17738342
88.366791 0.039840698
88.633232 0.032592773
89.157127 0.19441223
88.272034 0.38487244
88.606468 0.14324951
87.841949 0.26345825
88.93766 0.37875366
90.190109 0.4034729
89.736618 0.15031433
88.166595 0.10369873
88.813438 0.12599182
89.266548 0.16467285
88.937218 0.1340332
89.352692 0.26571655
89.467018 0.39421082
89.243385 0.13191223
88.748199 0.030700684
89.398285 0.36242676
88.776382 0.33799744
88.895042 0.24864197
89.013771 0.25978088
89.721497 0.41523743
88.141853 0.40534973
89.320435 0.12690735
88.759239 0.40037537
89.099609 0.64022827
89.173676 0.44006348
89.0392 0.18190002
89.229477 0.36572266
89.893303 0.22981262
89.787025 0.29888916
89.901459 0.25970459
88.783859 0.20428467
89.955254 0.14692688
90.230087 0.20773315
89.696472 0.5085144
90.057556 0.31175232
89.698845 0.14875793
90.284149 0.47923279
89.550255 0.31187439
90.199524 0.1043396
90.040314 0.23248291
89.07251 0.033981323
88.85302 0.2598114
88.399384 0.34283447
89.436913 0.037567139
90.058441 0.053955078
90.592552 0.17103577
90.169289 0.17944336
89.13028 0.069976807
89.819611 0.086532593
90.144081 0.2394104
90.003372 0.33586121
89.763908 0.28257751
89.984161 0.38586426
89.977798 0.28430176
90.7136 0.3289032
90.388252 0.16299438
89.559486 0.26173401
89.952034 0.078567505
89.052628 0.35290527
88.86895 0.16384888
88.520287 0.39430237
90.292389 0.16485596
90.219223 0.2580719
90.118301 0.1446228
89.285767 0.068069458
88.704407 0.080688477
89.023697 0.21734619
89.72036 0.1060791
90.566422 0.4332428
90.297302 0.30232239
90.111145 0.28549194
91.398018 0.13772583
91.326324 0.31945801
90.670128 0.25753784
90.798576 0.539505
90.307861 0.19950867
89.127022 0.2625885
90.616058 0.37861633
90.207565 0.56394958
91.096954 0.45330811
90.594284 0.427948
90.348984 0.19563293
90.986015 0.4786377
90.337486 0.328125
90.31559 0.23487854
91.0298 0.38800049
91.424927 0.42700195
90.545311 0.53820801
90.651939 0.32310486
90.568527 0.10256958
91.448074 0.33638
90.72084 0.62527466
89.865616 0.43817139
90.657089 0.39331055
90.606209 0.3477478
91.1464 0.53643799
91.314575 0.30540466
90.714752 0.36485291
91.273819 0.62960815
92.164825 0.37980652
91.305565 0.088287354
90.913506 0.34233093
91.463127 0.40406799
90.546219 0.19004822
92.074234 0.11560059
92.27317 0.21417236
91.898697 0.24139404
91.95636 0.21035767
91.99894 0.52694702
91.667458 0.62879944
90.769661 0.11985779
90.864594 0.42967224
90.634651 0.30635071
91.344444 0.25282288
91.648636 0.40159607
92.865898 0.44497681
91.953789 0.45747375
91.172821 0.2170105
91.532013 0.4132843
91.047508 0.093917847
92.043076 0.48095703
91.930374 0.40930176
91.651695 0.05519104
92.101318 0.16950989
91.158836 0.11785889
92.119118 0.16517639
92.997589 0.16960144
92.235886 0.18431091
91.398003 0.10719299
94.347961 0.30787659
93.680504 0.2517395
92.979805 0.23826599
93.901047 0.21153259
94.534554 0.33163452
93.672981 0.086212158
93.41024 0.20176697
93.713257 0.49290466
93.445374 0.093734741
94.044769 0.26449585
94.401215 0.15774536
93.657753 0.59805298
93.049484 0.2993927
94.309761 0.31845093
93.693314 0.50785828
94.677139 0.29370117
93.277138 0.13053894
95.274109 0.2525177
94.732025 0.24467468
93.721268 0.20858765
94.452461 0.022094727
94.433449 0.17643738
94.737129 0.13352966
95.235687 0.20970154
94.51104 0.15725708
94.714996 0.21685791
95.5811 0.11399841
95.723076 0.21095276
95.314468 0.4226532
95.060852 0.48353577
94.22525 0.08921814
95.174355 0.26359558
94.851288 0.12521362
95.717194 0.27276611
95.610718 0.15270996
94.861153 0.38879395
95.676826 0.38246155
95.977104 0.40406799
95.33535 0.1550293
95.037125 0.14944458
96.229088 0.41671753
95.391571 0.23017883
96.741821 0.40289307
96.622696 0.61491394
96.544853 0.55854797
95.947296 0.55021667
97.537888 0.45016479
96.389984 0.69735718
96.308998 0.43789673
96.526016 0.40953064
94.658607 0.17080688
95.717781 0.45310974
95.338097 0.62849426
98.097649 0.37171936
97.837852 0.46429443
96.828728 0.23600769
95.62381 0.71730042
96.807877 0.10038757
96.049622 0.092666626
97.329979 0.21228027
95.675751 0.12260437
96.156799 0.0809021
96.748589 0.23497009
96.701721 0.24145508
97.099884 0.16307068
98.350174 0.22779846
97.597946 0.35949707
98.131737 0.12538147
97.026932 0.32579041
97.598785 0.70118713
97.707352 0.32252502
97.816582 0.53457642
98.108124 0.33230591
97.778549 0.2668457
97.064926 0.026824951
97.00309 0.79682922
97.988564 1.0500641
98.446732 0.91618347
98.779869 0.93632507
99.6381 0.89900208
98.212303 0.98928833
97.377884 1.1014404
98.204247 1.2657318
98.03241 1.1624756
97.856033 0.93766785
97.380638 0.91442871
97.732048 1.0372314
97.729004 1.1573792
97.197479 1.0593872
98.114517 1.1750031
97.63163 1.1477814
97.415733 1.0658417
98.63488 0.98843384
98.242874 1.1622925
98.770943 0.95201111
98.158577 1.1769409
99.015923 0.81321716
98.862038 1.0570984
98.432846 0.83773804
98.474602 1.1814728
99.22049 1.1083832
98.460449 0.90472412
97.837547 1.03125
98.20771 1.0222473
99.138672 1.1912231
97.77536 0.98809814
98.088272 1.218811
98.099655 1.0336304
97.936279 1.1070099
98.24968 0.89320374
98.558899 1.0630646
97.73584 1.0132904
98.395035 1.1372681
99.113495 1.1200409
98.737839 1.0843201
97.97641 1.115509
97.977516 1.1562958
98.949432 0.90184021
98.521034 1.236145
99.469887 1.1767731
99.311371 0.79959106
99.562675 1.2157745
98.590088 1.4981689
98.90123 1.2713013
98.539726 1.5629272
98.458389 1.0811768
98.983406 1.1589355
99.424652 1.1566772
98.328804 1.4593201
99.59108 1.3138733
98.539337 1.453064
99.699257 1.0619965
98.506554 1.2185364
99.951622 1.0966644
99.615593 1.3768005
99.14682 1.4595795
99.296898 0.98083496
98.613724 1.114212
99.158783 1.4491119
99.438889 1.3734436
100.42076 1.4179077
100.13512 1.4322357
99.771889 1.1780701
99.014511 0.96980286
100.27696 0.91156006
99.320358 1.3467102
99.877739 1.4152222
99.848526 1.1525116
97.693985 1.2117157
98.827629 1.316391
100.07878 1.207901
98.976944 1.3302307
99.925201 1.1653442
100.12568 1.3572083
99.080803 1.3687592
99.829315 1.2379608
99.934097 1.2893524
101.0423 1.1702881
100.47625 1.4014893
99.763306 1.2413025
100.62732 1.3291779
99.520088 1.1024323
100.70599 1.2493744
100.59583 1.3816376
101.75479 1.434021
100.9662 1.1755371
101.67928 1.1014862
101.58832 1.3807068
100.81497 0.98736572
101.95409 1.1126709
101.38787 1.1702118
102.72081 1.1179504
101.72637 1.0829773
102.40871 1.147644
102.02599 1.2885132
102.57697 1.2730865
102.41829 1.2020569
101.96964 1.1958771
102.48697 1.0702972
101.46292 1.3789215
102.4472 1.3152771
103.28477 1.1995392
102.61285 1.1130066
103.23489 1.3131256
102.18106 1.1465302
102.43464 1.4884338
102.2452 1.0916748
103.26151 1.3034668
101.39086 1.07901
102.48583 1.2605438
102.96846 1.0404358
103.99411 1.1471558
102.95545 1.1051178
103.98367 1.1548462
100.95731 0.93331909
102.29487 1.065918
103.44827 0.93240356
103.10512 1.2223816
103.48489 1.1358643
105.0098 1.3886871
103.68117 1.0312958
103.50813 1.2756653
104.11292 1.2554626
102.9985 1.1700439
103.83128 1.1368713
103.40075 0.95440674
103.85636 1.2476501
102.63264 1.3072662
102.93475 1.2327881
103.35843 1.0436707
102.16366 1.2026672
102.94568 1.2818451
103.07038 1.1633301
103.9931 1.1421661
103.17834 1.0419159
103.48263 1.1956482
104.58687 0.90116882
104.13712 1.0183105
103.93388 1.4590302
102.61027 1.2973328
104.27061 1.4253387
102.53747 1.0681152
103.74812 1.3034363
103.35555 1.3912354
102.9665 1.4849091
104.18525 1.4889374
104.79423 1.2498322
105.21884 1.3818665
105.83468 1.4386139
105.64653 1.2988739
103.72037 1.1650543
105.01142 1.1256256
103.58362 0.86357117
103.70335 1.225174
104.01871 0.86763
104.93927 1.0752106
105.22159 1.1473846
104.29764 1.1043091
104.53526 1.5343781
104.65589 1.10289
106.01287 1.1472473
104.55218 1.2170715
105.0761 1.4279633
104.66754 1.2184143
103.82498 1.1637115
104.08276 1.1616974
104.9692 1.4984741
105.24175 1.5152283
103.66717 1.2233582
105.43074 0.83184814
105.57951 1.0277252
104.97267 1.2610626
106.54642 1.1243439
105.45261 0.9644928
105.93388 1.0471497
105.56234 1.1039429
105.47124 1.2449341
105.6518 0.92950439
105.85062 1.0249481
105.93745 1.1711884
105.91691 1.0851135
106.76869 1.1207733
106.83776 1.3486633
106.30009 1.1887817
106.68393 1.2910156
106.17924 1.3904114
107.38085 1.2843323
106.53378 0.90092468
105.57029 1.5373383
107.3611 1.2445984
106.36697 1.2534485
105.47056 1.2220306
107.02736 1.2866516
105.88264 1.1484833
104.62782 1.2388306
106.80569 1.4921875
105.12825 1.3486023
106.72459 1.1115112
105.87292 1.179184
105.8231 1.2008514
104.37917 1.2586823
105.85983 1.2095947
105.01303 1.1826019
106.30461 1.3378296
106.5483 1.0732727
106.68321 1.0963287
107.13858 1.2771301
106.48032 1.3241425
106.03014 1.0709076
107.01006 1.4849243
107.07437 1.2915497
107.1566 1.3076477
105.87674 1.265625
107.67719 1.1410675
107.48552 1.2552032
108.37118 1.0921783
107.06695 1.1182861
106.3041 1.0200806
107.57447 1.0676727
107.54321 1.0806122
107.42821 1.032547
106.8791 0.95123291
106.87815 0.99151611
107.70976 0.88237
108.0192 1.3656006
106.73017 1.0011139
106.26534 1.1196747
107.04848 1.4158936
108.38696 0.99459839
107.14025 1.0983124
107.91912 1.1273346
106.58279 1.2072906
107.25748 0.87371826
106.14389 1.0214081
107.70957 1.0990448
107.75726 1.1844788
108.15083 0.93397522
106.42695 1.471817
107.03194 1.1998291
107.96432 1.1892242
108.19295 1.107193
107.64989 1.5793457
108.21667 1.2683716
107.82291 1.2849121
109.02944 1.2314148
108.6518 1.1667786
108.90707 1.1389618
108.1824 1.3270111
108.70076 1.5844269
108.49239 1.2771759
107.78091 1.2447662
107.31972 1.1129913
107.82209 1.2132568
106.87936 1.3082581
108.07669 1.2459259
108.21646 1.3113403
108.32689 1.4509888
108.73381 1.4675751
108.2189 1.2418518
108.05541 1.3022308
108.012 1.0369415
107.5937 1.1027985
108.232 0.94911194
109.68288 1.1358185
108.59836 1.5115967
107.97363 1.4280701
108.47162 1.5340729
108.61968 1.309967
108.64001 1.4983215
109.17513 1.2509613
107.74555 1.2971649
107.62206 1.3506165
108.64145 1.3559723
108.76006 1.293396
108.53284 1.2531738
108.73467 1.4196777
108.38286 1.4153442
108.68427 1.5130615
108.50577 1.3783264
108.19096 1.2841644
108.19382 1.3466644
108.09176 1.2892456
109.21065 1.3668976
109.10932 1.3025513
108.4156 1.0870361
108.57607 1.4806519
109.346 1.3286743
108.33478 1.2908325
110.84725 1.3192444
109.89061 1.3382111
108.58307 1.082428
108.91153 1.4259491
109.82875 1.2531281
110.70251 1.5093536
110.48375 1.5858765
110.23694 1.2014618
109.92205 1.5145721
108.73167 1.2311249
109.58599 1.326355
109.46947 1.3757629
108.69971 1.3647308
108.7426 1.2762299
108.54074 1.0735626
109.3038 1.1740875
108.96194 1.1932526
109.3033 1.3625336
109.92557 1.267334
109.59148 1.2257843
110.39745 1.1860046
109.39262 1.2465515
110.66489 1.3396301
109.01862 1.275238
109.38288 1.4283295
109.35697 1.6581879
110.34542 1.4128418
109.78626 1.4003906
110.72503 1.3000946
111.2524 1.3413544
111.44101 1.2224274
109.49765 1.5269012
110.2438 1.1044617
109.49661 1.5808105
109.74973 1.374939
110.87979 1.2476654
110.716 1.1829376
111.23404 1.1785736
109.74219 1.4283295
110.31178 1.2001801
110.13055 1.2193146
109.56792 1.0837555
110.52474 1.4397125
109.72689 1.4768372
111.08334 1.5552979
110.95495 1.2301788
110.2474 1.0817413
110.06013 1.3132324
109.96236 1.1104889
110.43906 1.261322
110.81979 1.143631
111.77124 1.3978882
110.31357 1.3428345
111.27786 1.2087402
110.69595 1.4742584
111.93105 1.2066956
111.56813 1.0911255
110.74836 1.3005524
109.3989 1.1832581
111.16035 1.2254944
110.8682 1.2885742
111.08372 1.3908386
109.67651 1.3273315
109.99497 1.3500366
110.25883 1.2535248
111.44011 1.4754486
111.88358 1.3373413
111.0181 1.4623718
110.48656 1.2275696
111.92867 1.4312592
110.25673 0.87036133
111.80763 1.3619843
110.80314 1.2669067
111.20586 1.3846436
112.36774 1.2911377
110.86852 1.2156677
110.74854 1.412262
111.88377 1.2094269
111.45663 1.4601898
112.09438 1.3027496
111.23196 1.3744202
111.2006 1.4119415
111.58788 1.2829285
111.15994 1.1062927
111.37782 1.4594116
110.40824 1.7332001
111.1953 1.5134583
112.46828 1.4715729
112.60953 1.3500061
112.66544 1.4510651
110.42598 1.3076019
111.32934 1.4927521
111.11666 1.300705
111.96918 1.3697662
112.45445 1.1112671
111.67453 1.1650238
110.69671 1.3596649
111.52261 1.110199
111.6819 1.0377655
112.16689 1.2057343
112.62264 1.5436859
112.08615 1.5433502
113.39252 1.3211517
112.68697 1.4274597
112.65327 1.2370605
113.21003 1.3032684
113.00638 1.1903229
112.15079 1.568512
113.15753 1.3681946
110.59211 1.7317505
112.67004 1.5135956
112.3023 1.406189
113.32432 1.105072
112.53622 1.3427887
112.69671 1.4270782
112.82583 1.2684174
112.07825 1.6399536
113.97353 1.3236542
113.35247 1.4300842
113.67434 1.6134491
113.99632 1.0876617
112.141 1.4754028
113.28654 1.2417908
113.41216 1.4669495
112.22605 1.3040619
112.70692 1.0064087
113.21947 1.640213
112.49347 1.7171783
113.81534 1.282196
113.21269 1.146698
113.72873 1.2763519
114.57144 1.3281708
114.28963 1.415329
113.80533 1.2951965
113.6269 1.4415588
113.31078 1.6875
113.0546 1.2804718
112.57301 1.2928009
113.45129 1.5516205
113.71854 1.2478027
113.79067 1.0310669
113.91302 1.4736633
112.71117 1.3434753
113.4571 1.4815674
112.87054 1.6519012
114.6842 1.6867065
113.80342 1.615448
113.32915 1.6277161
113.30933 1.3193512
114.0704 1.612793
113.91806 1.5656586
113.65737 1.3895721
114.50631 1.352356
113.62326 1.5823059
114.80351 1.1935883
113.12889 1.5379028
114.93923 1.4198608
114.20044 1.2330933
113.92464 1.7146149
112.92631 1.3198547
114.53015 1.6538849
114.46687 1.6195831
114.80661 1.6536713
113.50131 1.7307892
114.02351 1.4550934
113.67986 1.5718842
114.42945 1.6463776
114.29599 1.4928894
113.93832 1.6615448
113.88271 1.4217224
114.12587 1.8537903
114.69179 1.8202972
114.25145 1.7876129
115.16151 1.8373871
113.90039 1.7492676
115.02835 1.6973114
113.92634 1.6442871
115.10043 1.8267365
114.08768 1.6930237
113.40739 1.6044464
113.60916 1.6912384
115.15748 1.9604187
114.21111 1.8193665
114.74753 1.4696808
115.70303 1.6204834
114.42669 1.7159729
115.24848 1.6999512
114.9194 1.7383423
115.61789 1.9315948
114.9733 1.8916321
115.54853 1.6359253
114.19772 1.6697998
114.11095 1.9062347
114.71217 1.8257599
114.11639 2.0990448
114.3569 1.9191895
114.01006 1.7528534
114.44663 1.9918976
115.06577 1.7061157
114.88034 1.8469696
115.72765 1.4599152
114.53348 1.9190216
114.68228 1.6660614
114.95716 1.7446899
115.32047 1.5255737
115.06033 1.5102997
115.29919 1.799881
115.59711 1.5767975
115.11105 1.5789948
115.45193 1.8006287
115.44705 1.8892975
114.86384 1.7911072
115.50571 1.6094208
115.41351 1.7595978
114.71439 1.6536102
115.16119 1.6573181
115.11528 1.5190887
115.1333 1.756134
114.39924 1.6950989
115.80732 1.6693115
116.12747 1.6365356
116.40176 1.6432037
116.45932 1.8259888
115.72994 1.818573
116.45325 1.7731628
116.22184 1.6633453
116.29374 1.3166656
115.99301 1.4493103
115.07322 1.8764954
116.24129 1.7416382
115.56881 1.7862549
115.06891 1.6459656
115.55994 1.5252228
115.29636 1.6166992
115.76564 1.7278442
115.61241 1.5982513
116.25801 1.527298
116.97438 1.7058105
116.31735 1.8168945
115.86572 1.7870483
116.2784 1.8862152
116.53319 1.819519
116.40731 1.6276703
116.55858 1.3373718
115.71658 1.5983887
115.97346 1.680191
115.65323 1.4998169
115.78181 1.7742767
115.52237 1.6339111
115.60287 1.797699
115.55698 1.9875031
116.50307 1.4337616
116.34677 1.7745667
115.88747 1.635498
117.25082 1.9776611
117.50951 1.6349335
117.01787 1.4294739
116.96755 1.9155731
117.0759 1.6678009
116.09664 1.7092133
115.98855 1.6417999
116.99186 1.660202
117.11761 1.8241119
116.00199 1.5832672
116.12352 1.6431427
116.87206 1.8636475
115.96306 1.5512848
116.31532 1.2720184
118.20058 1.7298431
117.61784 1.7233276
117.13139 1.7023926
117.46622 1.7060699
117.25734 1.75
117.57549 1.6321411
117.08497 1.9773254
116.39566 1.8787231
117.90868 1.8269958
117.00437 1.7294159
116.93601 1.8210144
117.35374 1.8149872
117.12408 1.7037811
117.86053 1.4519653
118.29919 1.8619843
117.3576 2.1009064
116.56082 1.8251495
117.09164 1.837326
116.78488 1.4142303
117.43698 1.439621
117.83651 1.5573425
117.27621 1.6840515
117.8013 1.5726471
117.81631 1.7146149
117.37605 1.635376
117.53533 1.5617828
117.23509 1.3018494
118.34652 1.7307892
117.12585 1.7660828
117.23754 1.4344177
117.56544 1.3288574
118.14224 1.5350342
117.55128 1.5877686
118.13474 1.5030823
117.84791 1.6726074
117.71497 1.425766
116.40802 1.4681854
117.36588 1.754776
117.67189 1.6539764
116.89955 1.7740021
119.0939 1.7849731
118.31696 1.6298065
117.52216 1.71521
118.00314 1.5957031
118.20535 1.8494415
117.6442 1.701355
117.99914 1.6832428
118.69101 1.5093079
118.12212 1.7593079
119.37982 1.7585907
118.5614 1.7268982
119.2678 1.6346893
119.7449 1.6022949
118.70138 1.6837158
119.60759 1.6822968
120.64708 1.7723846
119.53638 1.7236633
120.01944 1.9500427
120.8098 1.8177948
120.58735 1.6883698
120.62827 1.6579132
121.08396 2.2349854
121.24461 1.999054
120.68877 1.7611694
121.37455 2.0031586
121.32542 1.8237762
120.8818 1.862381
121.67836 1.8773804
120.34766 1.9088745
120.47984 1.9695892
120.94327 1.8392792
120.78958 2.1026764
120.88544 1.7049713
121.04498 1.477005
121.87333 1.4087677
121.81938 1.9401093
123.75713 1.8889465
122.4989 1.7124023
123.13759 1.6689758
123.6453 1.6415253
122.52355 1.5595551
122.89596 1.623642
122.93555 1.895813
122.79935 2.0124359
121.72642 1.5839844
121.88223 1.576828
121.89697 1.7898254
122.12977 1.8822479
122.48891 1.4580231
122.30401 1.6693573
122.19014 1.3479919
122.96413 1.443985
123.37376 1.8516693
122.29102 1.4720306
122.31802 1.6224823
122.51771 1.5079193
122.04749 1.7469635
123.81841 2.0836639
122.97226 1.5237122
122.28944 1.4864349
122.03733 1.901947
124.2082 1.5687256
122.59303 1.7048645
123.19599 1.2563934
123.01359 1.4966431
123.41898 1.7546997
121.81816 1.4407501
123.57504 1.2888336
124.31672 1.5189514
124.1312 1.4293976
124.30302 1.4555817
123.20499 1.345871
123.07544 1.2289124
124.67463 1.7528534
124.83578 1.3241425
124.77575 1.5886078
124.07132 1.4683075
123.29415 1.2341003
124.25328 1.3547211
124.02129 1.5647888
125.09019 1.5609436
124.32787 1.5801697
124.04166 1.3668976
124.23302 1.797699
124.59228 1.6038971
124.87711 1.7009583
124.01401 1.7479401
125.57822 1.8548889
124.73736 1.7405243
123.62996 1.7995453
123.4781 1.5467224
124.52707 1.7681274
124.71208 1.7127075
124.42019 1.5144043
124.3425 1.8693695
123.74091 1.5801697
124.70483 1.9290009
124.90546 1.5888519
125.31157 1.420105
124.76437 1.7002563
124.81719 1.5592499
125.26981 1.5396729
126.05304 1.6690063
124.38675 1.7726135
124.13313 1.8326416
125.85699 1.7728882
124.39072 1.8624268
124.8887 1.5079956
125.19524 1.9512634
124.48108 2.0445099
125.27935 1.8345795
126.10096 1.5699921
124.90888 1.6431427
125.6642 1.8121185
125.43482 1.657486
124.93815 1.6370087
124.80389 1.689621
125.3688 1.7613068
125.86517 1.7812958
124.61884 1.559967
125.63524 1.6562958
124.54308 1.4234924
125.95364 1.6657257
126.17027 1.7331238
125.68491 1.4810638
125.05415 1.4918518
126.28631 1.6497192
126.35369 1.2699127
126.05598 1.6094666
126.31189 1.4345856
127.04077 1.4416809
126.90109 1.5894623
126.12601 1.3319855
127.86486 1.7328796
127.13825 1.468811
127.09631 1.4893799
126.24812 0.90049744
126.6304 1.3715363
126.02324 1.6542816
126.63782 1.4208221
126.58399 1.5719452
126.45913 1.4719849
127.32437 1.555954
126.99707 1.5191803
125.71322 1.4398346
126.93673 1.7795258
127.36856 2.0317841
126.58102 1.5799713
126.23165 1.495697
125.80672 1.4953461
126.31012 1.6580963
126.48134 1.6950226
128.52144 1.5745544
128.43388 1.3669434
127.27348 1.6698761
127.71943 2.0432587
127.77638 1.5326385
127.19518 1.5411987
126.30519 1.7782898
127.05743 1.5845795
127.01698 1.6387177
127.09798 1.5919037
127.72296 1.5127258
128.42925 1.5751495
129.20943 1.4650116
128.08747 1.3041992
126.99306 1.1993256
128.27325 1.6539764
128.54472 1.6349487
128.13757 1.7925873
128.24104 1.4428711
126.83547 1.5316467
128.07404 1.3720551
129.09271 1.6641541
129.18715 1.503418
128.27426 1.3342133
127.41048 1.6678925
127.06131 1.544693
128.4158 1.7444763
128.05885 1.8085327
127.70382 1.8102264
127.37873 1.6779175
127.99175 1.3370056
129.05513 1.6814117
128.23568 1.240448
129.58048 1.6542206
129.15292 1.4538269
129.05528 1.655014
129.72903 1.8084259
128.90856 1.5572968
129.03924 1.6665039
129.62251 1.4713745
130.28345 1.6876678
130.57331 1.9412384
128.89004 1.6289673
127.22326 1.8314819
129.10842 1.8364258
128.6354 1.8941498
129.48654 1.710495
128.95064 1.8389587
128.9952 1.9813538
129.23099 1.8698425
128.71451 1.898819
129.07118 1.5518494
129.75512 1.7691498
129.08247 1.8505554
128.44882 1.6830902
128.44646 1.4768982
129.69359 1.9906616
129.78703 1.7802429
129.36916 1.7396851
129.51018 1.7643738
129.2094 1.6364899
129.58552 1.8317413
128.88849 1.8640137
130.18459 1.9366608
129.24466 1.8197479
130.04126 1.912735
130.35371 1.8386536
129.98524 1.9206543
129.63056 1.6772156
131.26776 1.9202423
129.89705 1.4922943
129.93554 1.6690826
130.10202 1.6225433
130.61423 1.4901123
129.93972 1.8257141
129.44693 1.7953644
131.10144 1.9128876
129.69548 1.7365417
130.36248 1.6432495
130.23287 1.4068756
130.6293 1.9896851
130.62624 1.6429443
130.89218 1.8434753
131.96322 1.7718506
130.93796 1.5421753
131.19261 1.2219238
131.29062 1.5457611
130.76025 1.7186737
131.31173 1.6855469
131.32051 1.5918884
131.39476 2.0220795
130.37365 1.8446808
131.1538 1.4857025
130.6952 1.6413879
131.16027 1.8603821
131.00255 1.7397156
130.85538 2.1292267
131.23198 2.2482758
132.07083 2.1902161
132.12994 2.0438995
132.32274 2.0374451
132.07959 1.8933105
131.74326 1.757309
132.1664 1.9522095
131.83319 1.6950989
131.5947 2.0492554
131.2108 1.9099426
132.33761 1.827713
131.0162 1.8855591
131.90034 1.8787384
130.85651 1.8167267
131.82278 1.9943237
129.48398 1.9724731
131.61646 1.9338531
130.05836 2.1542511
130.63452 2.1897736
132.26889 2.0256805
131.77618 2.237442
131.09245 1.9143372
131.85302 2.0778351
131.63724 2.1491089
132.56326 2.1481628
131.6054 2.0941772
132.33745 1.973999
131.95938 2.0232239
131.50906 1.9854126
132.76971 2.0740509
132.97523 2.0219269
132.20583 1.9390717
132.20579 2.1549072
132.07929 2.1891632
132.6328 1.9573975
131.50994 1.8312378
131.58337 2.3816376
133.13911 2.2133789
132.29028 2.1803589
132.22403 2.4559174
132.29732 2.2673645
133.01853 2.2409515
131.60826 2.2825165
132.36054 2.2882843
131.46106 2.0922241
132.39014 2.121521
131.60453 2.0603943
131.86946 2.1785278
132.35373 2.3348236
132.39185 2.0453033
133.24351 2.3973236
132.80374 1.8452148
132.9547 2.2969208
133.42028 2.5747528
133.19027 2.3499451
132.75348 2.4285583
132.73197 2.0867767
133.07692 2.2155762
133.30132 2.5473175
134.07812 2.1672974
133.76668 1.9771576
133.32677 2.2140503
133.20642 2.1326904
133.80604 2.3209229
134.2124 2.2858582
133.63675 1.9294586
133.06783 2.1888885
133.11388 2.1804504
133.14361 2.0960846
133.25173 2.4998779
132.04655 2.282547
133.11789 2.0042267
133.66983 2.4257812
133.49489 2.3734741
133.02386 1.9796143
133.60479 1.9826965
133.15307 1.9415588
133.73045 2.1400757
134.00544 2.2083282
133.67348 2.1001129
133.51555 2.0892944
134.36857 2.3493652
134.19151 1.8149567
133.38709 1.9244232
133.26112 1.8575745
134.38177 1.867691
133.42343 2.1425018
133.86782 2.0981445
135.87553 2.1955414
135.12025 2.2290802
135.14814 2.3434296
134.03161 2.6826477
134.13879 2.3616638
134.92216 2.2684479
133.83861 2.1445465
134.68009 2.39711
133.96617 1.8796234
134.7426 2.0494232
134.78675 1.9593658
133.78483 2.4438171
134.77761 2.3747864
133.36906 2.1310883
134.37248 2.2462158
134.5482 2.1291962
134.84803 2.0123444
134.88694 1.9223328
135.2672 2.193924
134.11649 2.404007
135.84217 2.0552216
135.18312 2.0625916
135.42693 2.1352692
135.19621 2.134491
134.75924 2.2098236
134.55551 2.514328
135.55219 2.5824738
134.8889 2.5552521
134.62651 2.2443542
134.3773 2.0502167
136.52192 2.2754059
135.30696 2.362381
134.71052 2.4824371
135.2571 2.3749542
134.73327 2.1797485
135.20562 2.3765717
136.48534 2.1985016
134.51937 2.1625366
134.72681 2.2011566
135.71174 1.9904175
135.85663 2.267746
136.07072 2.3262939
135.50882 2.3359375
135.25359 2.3270416
136.32359 2.540329
135.76125 2.3409576
136.3142 2.552887
136.25194 2.2896576
135.15525 2.2827148
136.62331 2.1937408
135.75925 2.4817047
136.51991 2.1151276
136.76227 2.4620361
136.82201 2.5774689
135.84591 2.3518524
136.77887 2.1729889
135.70335 2.2471008
135.78518 2.5379028
136.10529 2.262558
136.0123 2.4152985
135.47323 2.1079559
135.84906 2.2041626
136.18882 2.2416077
136.15019 2.3400574
136.77907 2.2302551
135.96048 2.3816528
136.65357 2.4107666
136.56273 2.4786987
136.55515 2.4060822
136.76812 2.1817017
136.29023 2.2936707
137.07495 2.4765015
137.46177 1.9768982
136.34736 2.1317291
136.85133 2.2191772
136.56711 2.6420288
137.54257 2.3969421
137.47849 2.3134918
137.02525 2.4268494
136.44398 2.3298645
136.78123 2.140213
137.52514 2.2176208
137.18663 2.1586609
137.36523 2.3530579
137.05121 2.4951019
137.11745 2.6856689
137.19434 2.2811432
137.05987 2.6852264
137.31106 2.6058502
137.77389 2.4936523
137.8655 2.6190948
136.8602 2.4177399
137.19452 2.3684845
137.38956 2.5944519
136.88694 2.5458221
137.32076 2.4776001
137.64975 2.6602173
137.74852 2.5783539
136.65916 2.4140167
137.26505 2.4362793
137.12643 2.6222687
137.50929 2.4627075
137.27612 2.1372223
137.81538 2.0272827
138.44643 2.3107147
138.34598 1.954361
138.43434 1.8705444
136.7728 2.1619415
137.70634 2.2058563
139.3967 2.3069
138.11625 2.3991547
139.06299 2.795929
138.49365 2.5890503
138.78925 2.469574
139.56527 2.38414
138.46683 1.9648285
138.39499 2.305954
138.63061 2.3234253
138.81237 2.4978638
139.19022 2.3573608
138.89024 2.2410583
139.40413 2.4636536
140.22964 2.3122711
139.23812 2.1113739
138.63914 2.1890411
139.52464 2.1016693
141.08848 2.2106628
139.82142 2.1825714
139.23023 1.8678589
139.18401 1.9717712
138.32859 2.0013428
137.45701 2.0401154
139.11133 1.9877777
137.90022 2.0048065
140.05732 2.0692291
139.49074 1.9416809
138.21089 1.8411407
138.79566 2.1885071
139.41763 1.9718781
138.25377 2.318573
139.38813 1.914505
138.94197 2.0484314
138.88511 2.2352142
139.28311 1.9330292
141.10399 1.9082031
140.82334 1.8365326
141.24399 1.9988251
140.79422 1.8230896
140.69035 2.0513153
140.08455 1.9799194
138.75075 2.2510529
140.83448 1.795517
141.23987 2.2398834
140.4389 2.29776
141.214 1.9978638
140.18136 2.4113922
140.08151 2.0957642
138.97294 1.9680786
141.18776 1.8585205
141.32277 2.3379517
141.34012 1.9817505
140.80505 2.220993
140.3666 1.9190369
140.46572 1.8824158
140.75688 2.0511017
141.00456 1.8668976
140.72876 2.3398285
142.24464 2.2519531
141.17385 2.0459595
141.49812 2.2416687
141.31739 2.0504303
141.7643 2.0035706
142.11527 2.3055725
140.98484 2.101059
141.26408 2.1506805
140.43709 1.7940369
140.63499 2.2610626
141.2757 2.0319824
142.02393 2.5978851
141.87598 2.5410767
141.36218 2.342804
140.99269 2.3368378
142.23515 2.1828461
141.06505 2.2228241
142.06364 2.1746521
141.95255 2.32724
142.61231 1.9456787
141.8542 2.2192993
142.57738 2.4193573
141.90531 2.1201019
141.62832 2.2224731
142.58489 2.3361664
141.85738 2.2212677
142.24628 2.5581055
142.4444 2.0903015
141.88596 2.4645538
141.59966 2.329422
142.29712 2.4403534
143.13863 2.2771149
143.27737 2.2936401
142.38399 2.5349274
143.14058 2.3930664
142.93331 2.4459076
142.08383 2.40625
142.32915 2.2032928
140.99111 2.3635101
142.3929 2.5020447
142.09404 2.0427551
143.07776 2.4389038
142.39712 2.4149628
143.15491 2.5498962
143.91712 2.5531921
141.64668 2.2372894
143.98842 2.5028229
143.61525 2.2633362
143.17207 2.3980408
144.42072 2.6210327
142.75596 2.3243256
142.45436 2.4767761
143.1938 2.350769
142.89937 2.2193451
143.55261 2.4947968
144.74055 2.2483215
142.57369 2.3299561
143.37791 2.6917725
143.77234 2.259552
144.03635 2.5249786
144.9673 2.5211029
143.90287 2.6139832
143.377 2.580307
142.81325 2.454834
144.11572 2.6205444
144.52583 2.4169769
143.49294 2.489212
143.55768 2.7761078
144.0731 2.637619
143.98029 2.4089966
142.9334 2.6813202
145.42486 2.4230347
145.69458 2.6851501
145.44378 2.2990417
144.55454 2.3184662
145.34888 2.416687
144.40744 2.5832672
144.07616 2.8249512
144.70301 2.2621155
144.14008 2.5288086
145.06525 2.5631561
144.82463 2.4139099
144.51168 2.2411804
144.96508 2.577179
145.48586 2.3437958
146.74529 2.5272217
146.29174 2.2888184
144.97715 2.4005585
145.34742 2.0976562
143.84765 2.3770752
145.92128 2.2878113
144.931 2.7287903
145.99266 2.2042999
145.48753 2.5123138
145.89772 2.5079651
145.23542 2.282196
145.48503 2.3811951
145.75604 2.4341583
144.79293 2.6418457
145.41545 2.3934174
144.83714 2.587265
143.99385 2.6830444
145.80666 2.6522369
145.44771 2.4448547
145.49343 2.8520508
145.0479 2.6906128
146.0531 2.5421753
145.97335 2.9031067
145.42186 2.6526642
144.96521 2.8084259
145.39176 2.6486511
145.47516 2.9529114
144.71977 2.892746
145.38385 2.7786255
145.75077 2.7427216
146.35097 2.7000427
145.48872 2.6882935
146.68697 2.7841949
146.07061 2.4949188
146.53674 2.5351105
146.56729 2.5101013
147.38718 2.7969666
145.80184 2.2253876
145.2547 2.502121
145.133 2.3713837
145.83833 2.6588135
145.50604 2.7375336
145.49339 2.2559814
144.4965 2.6233063
146.11525 2.8352814
145.70864 2.3053436
146.14595 2.9221649
146.73702 2.9389343
147.42574 3.0273438
147.02037 2.4627075
145.99725 2.5601654
146.66187 2.7544708
147.03012 2.6873779
146.60955 2.4736938
146.37701 2.5343628
146.23898 2.781189
146.85472 2.4224243
146.51253 2.5569763
145.84921 2.5928345
147.48797 2.520874
147.43095 2.476059
147.64948 2.5355835
148.05704 2.5969086
147.63472 2.6494904
147.4168 2.5957489
147.44947 2.8018341
146.72181 2.5847778
148.10033 2.8934021
148.03011 2.664566
146.91691 2.7355957
147.5288 2.6656189
146.70482 2.6557465
147.41906 2.6557312
147.28373 2.6187592
147.68556 2.4532928
147.14702 2.2800903
147.19352 2.3885193
147.8434 2.4163513
148.737 2.4689331
147.41073 2.1221313
147.26133 2.5748901
145.70069 2.6712494
146.09408 2.4389038
148.27569 2.7612
147.04479 2.9601898
147.92975 2.3806458
148.16777 2.6004486
147.83548 2.7966461
147.94563 2.436676
148.22376 2.5064697
148.55092 2.3692627
148.29423 2.2733154
148.42797 2.4220428
148.05934 2.4013824
148.4978 2.3994904
148.24632 2.3716431
148.09005 2.4961548
148.65874 2.3874969
148.85978 2.3234406
147.00714 2.4128113
148.33609 2.5976562
147.76622 2.4758148
148.00594 2.4639893
148.05426 2.106842
148.31935 1.9832458
147.97429 2.2839966
148.27568 2.3463745
148.68953 2.6153259
148.25918 2.2941284
148.30253 2.5344849
148.07957 2.3223114
147.81487 2.5670013
148.34578 2.4957733
148.59536 2.2424011
149.10836 2.9380341
148.70526 2.5940247
148.97246 2.7150116
149.78321 2.4652252
149.82328 2.3625336
149.3905 2.7516327
147.32653 2.6074829
149.58047 2.9069672
149.3704 2.3468018
148.20009 2.6830139
149.9342 2.2456055
148.46004 2.534256
149.90001 2.7451935
149.52152 2.2411957
148.36592 2.6512756
149.42659 2.5725555
150.00045 2.4907227
149.99997 2.2829132
148.90748 2.5222473
148.10069 2.3515015
149.03949 2.3660736
149.92002 2.3368988
149.02817 2.6367035
148.25041 2.5356903
148.16266 2.5086823
148.62772 2.2062378
147.55379 2.2667847
148.56871 2.2649994
148.59969 2.1403961
147.98932 2.5548553
147.92677 2.3430634
149.13922 2.4681702
149.44383 2.1311798
149.19245 2.2464294
149.75328 2.7952423
149.46017 2.5612793
148.40215 2.4156952
149.53711 2.56073
149.84781 2.2809296
149.19345 2.4680328
149.7016 2.3279724
149.45369 2.589325
149.14519 2.4004822
149.58001 2.5942841
149.68977 2.4415894
149.24954 2.6586456
148.81823 2.4993439
149.83183 2.4081268
150.16011 2.5036163
149.34982 2.5879974
149.20847 2.5909424
149.40741 2.3952026
150.12214 2.7261658
150.29555 2.6623688
149.68233 2.3211823
150.46469 2.725174
150.17861 2.8502808
149.92641 2.4585419
149.67716 2.6398926
150.10089 2.2574158
150.47493 2.5499878
151.0416 2.6452637
149.59935 2.6931763
150.1259 2.4900665
150.51649 2.3947144
150.41954 2.3209076
150.12486 2.5508423
149.97739 2.4513855
150.24431 2.3871002
150.56626 2.4668884
151.35648 2.2201843
150.70423 2.8278503
149.69063 2.4307556
152.34787 2.6564331
150.48703 2.2679596
150.96688 2.6274872
151.05721 2.8101959
150.70703 2.358551
150.76944 2.6331787
151.36605 2.1282959
151.83322 2.3790588
151.27153 2.7519684
150.83402 2.7615356
150.98266 2.4119415
150.80384 2.6793671
150.02634 2.5149994
151.32724 2.3368835
150.57419 2.696701
150.60257 2.9909363
151.13141 2.6163635
151.125 2.2177429
151.45728 2.2791901
151.86229 2.794342
151.5181 2.8407288
150.63042 2.7420654
150.40983 2.2051697
150.39245 2.7493896
151.11809 2.6395721
151.356 2.3858948
151.94648 2.6742706
150.92599 2.4660645
151.89402 2.6422272
151.83715 2.5458832
151.30243 2.6542358
151.17035 2.3543091
151.65755 2.1553955
150.91581 2.408371
151.36739 2.1478729
151.69152 2.4893494
151.82966 2.2108154
151.86112 2.5648804
152.90502 2.3770752
151.84777 2.2199707
151.42201 2.4397278
151.53402 2.3226013
152.02745 2.6281586
151.83864 2.5593872
151.74242 2.5958862
152.63145 2.4826508
153.01115 2.34375
150.94674 2.5904541
151.72203 2.2596893
150.61106 2.5727081
151.74506 2.3952942
151.02364 2.2744446
151.58671 2.1912537
152.61304 2.4000092
151.88178 2.6078186
151.54269 2.5660858
151.44752 2.7219391
151.2571 2.4057922
151.23568 2.3181458
151.89033 2.6884918
153.48026 2.7674103
153.18139 2.8483582
153.48725 2.6178436
153.15495 2.6600342
153.4229 2.4451294
153.00679 2.5354767
153.31278 2.4760742
153.66434 2.4875488
152.35507 2.4881287
153.27721 2.3231049
152.99333 2.4818115
153.82295 2.7025146
153.64871 2.5244751
152.97673 2.7480316
153.2201 2.6556854
153.66933 2.6089783
152.90702 2.4286194
153.38208 2.6010437
152.98695 2.5742798
154.06342 2.5063934
152.95461 2.546463
153.58123 2.7437439
154.07418 2.5163574
154.91704 2.628891
153.35675 2.3934021
154.01287 2.7967987
153.71213 2.7324677
153.7096 2.4811249
154.22478 2.2988739
153.04419 2.4247284
153.32464 2.3637695
153.28174 2.6045074
153.52474 2.6885681
153.37429 2.4511566
153.47478 2.5967712
154.08073 2.6911774
154.30064 2.8174591
153.35402 2.7195435
153.85968 2.8762054
153.57864 2.3919525
153.436 2.3792267
154.16758 2.5808563
153.92378 2.9505157
154.49221 2.4239349
153.79108 2.5836487
153.88686 2.6128845
154.08699 2.3879242
154.66162 2.3872681
154.30091 2.8622131
154.20832 2.4167175
153.70828 2.3256683
153.64598 2.4742279
154.74777 2.4588623
153.48561 2.3371429
154.1051 2.1737518
154.94208 2.4468231
154.80106 2.7338104
154.10323 2.8494263
153.90657 2.7974396
154.26003 2.7672272
153.76396 2.6787415
154.32117 2.5116577
154.0736 2.4477997
153.88954 2.6141663
153.8908 2.4421692
154.15843 2.4618073
154.9388 2.4033508
154.6047 2.5827026
155.89163 2.5909576
155.17181 2.5901642
155.61223 2.5482178
154.83534 2.4302368
154.50907 2.3621216
154.19065 2.5088501
154.44281 2.6614838
155.54387 2.375946
156.2792 2.2673492
154.3434 2.320694
155.1378 2.36026
154.88717 2.2599487
154.27761 2.6724243
155.28233 2.6590271
154.63235 2.7712708
155.3816 2.5266724
155.29872 2.8390656
154.70595 2.4462128
155.10228 2.404129
154.64656 2.4596863
154.84274 2.246994
155.19923 2.4349823
154.44392 2.307251
154.91306 2.3536072
155.57196 2.4595795
155.42305 2.4834137
154.91223 2.6788483
154.1251 2.3061981
155.69469 2.6110382
156.04162 2.7169495
155.3242 2.6993408
154.72197 2.2394104
155.0067 2.675705
155.18345 2.6736755
154.61182 2.6247864
155.55899 2.5647888
154.88818 2.3245392
156.09756 2.5267792
154.52802 2.6799774
155.20125 2.7801819
155.41813 2.8080139
155.10634 2.8512115
155.17156 2.782074
155.54059 2.7805939
154.58438 2.4982758
155.16643 2.2887726
154.58991 2.64328
154.87053 2.7241058
155.14818 2.9187927
154.73774 2.6828003
154.79214 2.1824799
155.47299 2.4033813
155.73696 2.4044647
155.25485 2.5289001
154.93209 2.4695435
154.72707 2.5442657
155.27625 2.3513489
154.94685 2.3633423
155.44233 2.4732819
155.6519 2.7837982
155.23958 2.4522705
156.37558 2.7929077
155.93449 2.3508911
155.14701 2.3643951
155.6626 2.311264
155.86339 2.6999207
156.83076 2.2967682
155.59611 2.8510437
155.51674 2.2393494
155.64856 2.4414062
155.66299 2.4039612
156.01174 2.3056946
155.29964 2.5435028
155.786 2.5789948
155.51342 2.2750549
155.85714 2.4527435
155.11125 2.39888
155.46426 2.7268982
156.66115 2.6594086
156.30794 2.533493
156.61355 2.5527496
155.56207 2.271759
155.90001 2.4792175
155.69739 2.3934174
156.35303 2.6374207
156.51479 2.6380615
155.82247 2.2641602
157.08679 2.7350006
156.98841 2.4691315
156.55079 2.3798676
156.61285 2.4151306
155.77894 2.3330688
156.79424 2.5561218
156.27367 2.1657257
156.6696 2.4483337
156.2757 2.5359192
156.74834 2.8129425
155.78206 2.3597412
156.44155 2.2220001
157.09093 2.8248291
156.4027 2.8935852
157.01295 2.3276672
156.93693 2.5244293
156.66447 2.7303162
155.88638 2.8590393
156.59097 2.5424042
157.15784 2.5010071
157.39459 2.603302
156.05312 2.7198029
156.83064 2.069809
156.68371 2.6007385
156.85041 2.777298
157.32131 2.2540894
155.77029 2.4293518
156.66057 2.2824707
156.44835 2.2181854
156.48694 2.348526
156.59583 2.087326
156.63331 2.2387238
157.67327 2.5873718
156.89412 2.6040497
157.385 2.8047485
156.91556 2.7164459
156.71811 2.3822021
157.40734 2.5391235
156.84904 2.5656281
156.37307 2.3319244
156.50799 2.7485504
157.20754 2.3861694
157.60342 2.8439636
157.40742 2.7925873
157.46506 2.6486206
156.45665 2.7461853
156.57689 2.7379303
156.68784 2.602951
156.37631 2.8327026
157.81942 2.7447968
158.02697 2.7352142
157.18383 2.6100311
157.82191 2.9214783
158.16284 2.8196564
157.29576 2.8494873
157.2527 2.9037933
157.0262 3.155365
157.66329 2.9988098
158.30988 2.8052826
157.36781 2.7063141
158.01499 2.644989
158.21836 2.8775787
157.39752 2.9852448
156.94545 2.7300873
158.49648 3.1095428
156.82881 2.772522
157.31049 2.9421692
156.92695 2.6663361
156.93042 2.8270721
157.56471 2.799942
157.48385 2.6661835
157.81476 2.7241669
158.0609 2.6757355
157.33083 2.9213104
158.37633 3.0567627
157.57726 2.6843262
158.2016 2.8963165
156.78075 2.9943237
157.13438 2.8836975
158.26126 2.7835999
158.04241 2.4225311
158.49483 3.0258484
158.39672 2.6966858
157.91252 2.943573
158.39949 2.5263977
158.72047 2.5406647
158.93213 2.9105988
159.63487 2.785141
159.2279 2.8620911
160.53959 3.057312
159.62596 2.9717407
160.26532 3.261322
158.71354 2.6355591
159.17525 3.4419403
159.98551 2.9897308
159.77028 2.9489746
159.33707 2.990509
160.12343 2.8615112
160.03255 3.0983734
159.4716 2.5265045
160.14058 2.6852264
159.07948 2.9076385
160.3751 2.7751465
159.5463 2.6780243
160.28024 2.783432
159.51781 2.6591949
159.84277 3.1044464
160.38774 2.7543488
160.40379 2.8215332
159.556 2.9217682
159.87676 3.0379333
159.58681 3.0807037
159.47616 2.9671936
159.73596 2.7965546
159.6616 2.8073578
159.34475 2.6960144
158.34995 3.0264435
159.34746 2.7276001
159.90527 2.8536682
159.11232 2.95578
159.47603 3.0950775
159.53733 3.4753113
160.09409 3.4165039
160.44741 2.8003235
160.87636 2.793457
159.99997 2.8962402
160.81341 3.195816
161.28777 2.6505585
161.56736 2.9057922
162.44797 3.2135468
161.05916 3.1740112
161.6658 3.0948486
162.47931 3.2608185
161.17148 3.0766754
161.78401 3.0888977
161.36535 3.0791321
161.04874 2.8164978
160.99164 2.8973083
161.99526 2.8805389
161.9244 3.0194244
161.84763 3.287735
161.89953 3.2820129
160.84583 3.0063019
161.56905 2.9554138
161.37612 2.8031158
161.33549 3.061676
162.16444 2.9730988
161.9668 3.3704071
162.50577 3.2641296
161.4637 3.2218781
162.64489 3.2453613
162.83084 3.2439728
161.57937 3.0916443
161.86145 3.4066467
161.58224 2.7875519
162.57534 3.3406067
161.71632 3.2533417
162.31931 3.2454071
161.62863 3.2166748
162.8526 3.2987061
162.7128 3.3643341
162.45857 3.5591278
163.07616 3.6860962
162.07385 3.6721497
160.98851 3.5898438
161.08166 3.5493317
162.80932 3.3819275
161.67018 3.7003326
162.41693 3.7967987
162.14816 3.7169189
161.79034 3.662735
162.30888 3.7276154
161.63714 3.7456055
163.3701 3.8917542
162.02811 3.4190369
162.29176 3.5233612
161.52886 3.6087646
162.39468 3.7102051
162.31538 3.4357758
162.22654 3.7707977
162.47821 3.9670563
163.03362 3.5731964
161.95224 3.90065
162.89339 4.0070648
162.66166 3.7786102
162.44972 3.8143005
163.54811 3.7923584
162.37731 4.0827026
163.23819 3.9318237
163.50916 3.8747864
162.97494 4.0279541
162.97873 3.9411316
163.51546 4.2134247
163.32361 4.1356659
161.68295 3.8706055
162.67129 4.3751221
163.05524 3.9372253
162.64426 3.8450775
163.11522 4.0409546
162.48674 4.1485596
163.23863 4.1138763
164.13255 3.7790833
163.00667 3.944458
162.92998 4.0212097
162.98098 3.9524384
162.85968 4.0816345
163.59226 4.0151672
163.45744 4.2372589
164.36869 4.3430939
164.30223 4.6292725
163.86168 4.1733704
163.81409 4.2754364
163.39452 4.5363159
164.21538 4.2296906
164.16839 4.4165039
163.82396 4.2050323
164.24129 4.1552429
164.04807 4.5482483
163.27784 4.0614319
164.06381 4.4333801
164.33735 4.1566315
164.00803 4.2727051
163.88622 4.4012909
163.84466 4.3190765
164.25333 4.0763245
164.39718 4.5813446
164.2105 4.3036041
165.77289 4.0136108
165.9714 4.1878967
165.14132 4.0919647
164.76376 4.0567474
165.92241 4.2211914
166.2359 4.2849731
166.29704 4.3787842
165.74702 3.8819733
165.24707 3.8155518
165.82087 3.9451599
166.9012 3.9699097
166.50693 4.2156372
167.08165 4.311203
166.46823 4.1600342
167.07619 4.0602112
167.25788 4.1259003
166.89474 4.1394653
166.25785 4.1590424
167.51631 4.1612244
166.64571 4.28125
167.30589 4.2342224
168.08944 4.4577026
168.00286 4.4007874
167.7888 4.2466583
167.49184 4.3226318
168.41031 4.4687653
168.23676 4.506958
167.2419 4.6391144
168.1126 4.0990601
167.63649 4.1720276
169.82429 4.2059021
167.61356 4.376709
168.44389 4.3040314
168.93355 4.0834045
168.40839 4.1236572
168.59815 3.9533997
168.06753 4.6881561
167.72157 4.1192932
168.89767 4.3496552
168.66008 4.1354828
169.86335 4.333313
168.8133 4.0834045
169.85113 4.0525208
169.28049 4.2735901
168.92763 4.0116119
170.33848 4.4032288
169.18612 3.9451294
169.76581 4.1399536
169.77625 4.4273987
169.42346 4.2793427
170.7346 4.6648254
170.03244 4.5264282
170.37268 4.1075134
170.48551 4.6699219
171.78885 4.274765
170.66279 4.6191864
171.52604 4.6491547
171.40481 4.386734
172.23063 5.0735626
172.28774 4.5232544
173.28557 4.6014404
172.48969 4.0009003
173.41438 4.3580322
172.70147 4.3199158
172.19257 4.3229675
172.77127 4.3248291
172.11272 4.5970764
172.52393 4.6835785
174.13886 4.4671936
173.35049 4.1955719
174.55108 4.6252899
172.95375 4.3425903
173.7676 4.1877136
173.17212 4.4137115
172.57238 4.4878998
171.86467 4.8978729
173.21455 4.3227692
174.45749 4.4975891
174.41197 4.7828064
173.5051 3.8701782
172.8037 4.4702454
173.06249 5.0848236
172.47962 4.7181244
173.6247 4.592865
172.43163 4.3788605
172.41305 4.4545593
172.99707 4.2307434
172.72877 4.1806335
173.07827 4.4556427
174.23901 3.9801788
172.6997 4.1602478
173.29772 4.4212646
174.33731 4.0947418
174.3987 4.3646698
175.73154 4.3666687
173.86086 4.7126007
172.99205 4.1889038
173.7136 4.3197327
174.47066 4.4962463
174.89365 4.480011
173.4335 4.6485901
174.73121 4.2909546
175.15718 4.2367859
174.61757 4.5396271
174.14386 4.1321259
174.511 4.3120575
174.51897 4.2563019
174.84319 4.0196838
174.29888 4.4636536
175.74518 4.3262787
174.95071 4.3804626
175.73402 4.9128418
176.5913 4.6013794
176.43649 4.354187
175.96649 4.5113373
174.54369 4.3763275
175.00567 4.1560822
175.0371 4.2879333
175.07052 4.4744568
175.27976 4.4399414
175.34278 4.4935303
174.74198 4.434021
174.89677 4.1690979
176.14761 4.2727051
175.46449 4.3795319
175.16417 4.5393829
174.87421 4.0454712
174.85663 4.5558167
176.30305 4.3006592
176.24646 4.7990417
175.31332 4.5688477
177.06377 4.7674255
174.46254 4.3901062
175.71495 4.3930817
176.16133 4.2702484
176.75848 4.2041931
176.14851 4.4181976
176.83058 4.3957977
176.78196 4.3720245
177.04096 4.4482269
175.722 4.5518188
176.07986 4.5116425
176.04596 4.3138428
175.00098 4.456131
176.86531 4.3955994
176.46126 4.6506042
176.23287 4.605072
175.90679 4.4276886
175.9983 4.4397278
177.30359 4.4172821
176.88509 4.5219421
176.40104 4.7524872
177.36924 4.4516754
177.75414 4.524704
176.44589 4.3257141
176.51647 4.8908539
176.86203 4.6210175
176.13312 4.5801849
175.96281 4.8516235
175.58315 4.524826
175.86417 4.5079956
175.68511 4.7050934
174.48549 4.7349854
177.04538 4.4748383
176.98051 4.4083099
176.33258 4.4618073
177.13378 4.7313995
176.04919 5.0843048
177.01862 4.6931915
176.56721 4.2956543
177.12727 4.7440338
177.12572 4.3981476
178.07024 4.5531616
177.34499 4.8544769
178.35347 4.5530243
177.07171 4.417511
178.92002 4.759552
178.05981 4.8944702
177.94014 4.8427277
177.89793 4.6690369
178.07811 4.8161621
178.45783 4.851181
178.3533 4.7776337
178.01688 4.5651855
176.99708 4.7718811
176.36642 4.8133698
177.56086 4.6655121
177.79266 4.7383423
178.80023 4.9669495
177.88572 4.772644
177.48183 4.7375946
177.01929 4.6638947
177.95139 4.4071198
177.44399 4.9075928
177.47323 4.6698608
178.48305 4.4330902
177.52984 4.7785645
177.03728 4.5466309
177.59296 4.8611603
177.55138 4.6065979
177.94762 4.8655701
177.29924 4.4770203
178.3931 4.4420624
177.83201 4.5665894
178.55009 4.8526917
177.33915 4.8862152
178.93349 4.6767883
179.07307 4.7982483
179.15953 4.5779419
179.51704 4.4633179
179.24908 4.9233704
178.63371 5.1971436
179.90349 4.766922
178.51885 4.9168396
177.67076 5.0645142
178.87481 4.6780548
178.02187 4.7432404
177.80248 4.8191986
179.29015 4.6464386
178.87216 4.6583862
179.61699 4.46698
179.42847 4.7348175
178.91372 4.9509888
179.54554 4.846756
179.82884 4.672821
179.28912 4.5336456
179.52761 4.4898987
178.90427 4.4605865
179.2864 4.5628357
179.03988 4.4480286
178.72441 4.9172363
179.12745 4.1726074
179.79666 4.90802
178.93503 4.7017822
178.52933 5.0222168
178.72541 5.2332916
178.15562 5.5077515
179.29269 5.9085999
179.52431 6.2459869
180.5125 5.9733124
180.58012 6.3369751
179.53326 6.4872589
179.97271 6.4181519
180.13899 6.573761
179.60636 7.8169098
179.56715 7.5098877
179.02614 8.0896301
179.90965 7.7867889
179.98384 7.9338684
180.72797 8.5192566
179.98782 8.33815
180.84074 8.4890594
180.34745 8.5862122
180.40704 8.5886078
180.72836 8.357132
179.734 8.3229218
179.33835 8.2804108
181.3517 8.8151855
180.42264 8.070755
180.87532 8.8292236
180.70982 8.9830475
180.48132 9.0200195
181.48507 9.29039
180.44285 9.7165222
180.35062 9.6537781
180.5215 9.9983826
181.45196 11.032684
182.55071 10.997559
180.53754 11.935196
181.26761 13.290527
181.26216 13.126007
180.83207 13.249222
182.00106 13.703186
181.66716 14.505966
181.54414 14.940964
181.31705 16.54454
183.13093 18.824722
182.69875 19.788895
183.53112 19.976669
182.21406 20.149155
183.0581 21.266663
182.0493 20.653381
182.68426 20.951355
183.12337 21.210648
182.12061 21.818314
183.1909 22.157745
183.2012 24.517792
182.02785 27.238449
182.84594 27.325775
182.72742 28.549042
184.26242 31.795258
183.58389 35.366104
183.72115 53.958145
184.24952 89.889496
182.74147 127.96297
182.87646 167.69308
183.39299 207.36898
185.23593 248.81059
